date	depth	bact	picop	nanozoo	nanocms
23/04/07	1	13.90098	6.291831	NA	31.6477
23/04/07	10	14.49108	5.619725	NA	26.7148
23/04/07	25	15.57876	5.301124	NA	26.5524
23/04/07	50	15.77524	5.138425	NA	24.3194
30/04/07	1	37.42138	19.568013	NA	50.547
30/04/07	10	34.32764	17.876464	NA	73.7296
30/04/07	25	25.30124	10.651437	NA	108.1787
30/04/07	50	24.69614	21.375047	NA	89.3606
08/05/07	1	36.21908	57.89636	NA	43.6653
08/05/07	10	35.90084	48.16372	NA	67.5178
08/05/07	25	33.01868	20.350441	NA	130.5696
08/05/07	50	29.13608	32.241303	NA	141.288
21/05/07	1	27.3498	88.045471	NA	21.9037
21/05/07	10	26.60744	86.546482	NA	21.2947
21/05/07	25	20.8809	10.751814	NA	4.0803
21/05/07	50	20.74516	8.454881	NA	3.1871
04/06/07	1	42.87718	11.048728	NA	48.923
04/06/07	10	34.34248	13.03712	NA	58.4031
04/06/07	25	28.58548	6.484217	NA	21.924
04/06/07	50	22.84444	5.358513	NA	15.2047
11/06/07	1	19.3607	19.256992	NA	34.8145
11/06/07	10	29.05384	26.881999	NA	44.1525
11/06/07	25	14.89104	9.283602	NA	33.8604
11/06/07	50	13.3388	7.102672	NA	31.8101
18/06/07	2	15.07912	32.530202	NA	72.2883
25/06/07	1	24.85706	24.180144	NA	35.3017
25/06/07	10	25.50592	26.994156	NA	41.8992
25/06/07	25	13.08904	1.350073	NA	10.6981
25/06/07	50	14.19182	1.488636	NA	8.0591
03/07/07	1	19.65408	17.595592	NA	43.7668
03/07/07	10	18.7393	18.23895	NA	47.4208
03/07/07	25	13.23924	2.015128	NA	12.6875
03/07/07	50	12.92672	1.961972	NA	11.4086
09/07/07	1	17.22678	23.328175	NA	28.3997
09/07/07	10	25.86884	25.581975	NA	43.848
09/07/07	25	13.25804	1.236144	NA	7.8967
09/07/07	50	11.92464	0.972524	NA	4.1818
16/07/07	1	12.16076	0.903461	NA	14.3724
16/07/07	10	11.52506	0.907671	NA	18.2091
16/07/07	25	10.27474	0.584902	NA	7.5922
16/07/07	50	10.73466	0.335115	NA	5.075
23/07/07	1	14.33694	10.764534	13.195	36.8648
23/07/07	10	13.84352	8.294225	16.646	31.3838
23/07/07	25	12.96664	1.752039	22.3909	15.834
23/07/07	50	19.37672	6.002068	20.9496	29.0087
06/08/07	1	28.95278	16.424202	19.6707	79.373
06/08/07	10	25.37126	15.491044	21.3759	76.9979
06/08/07	25	18.2627	9.73072	21.7819	29.0899
06/08/07	50	23.18368	13.769296	18.5339	32.1146
13/08/07	1	33.64764	27.042483	12.992	62.7473
13/08/07	10	28.42974	20.861999	11.0432	47.4411
13/08/07	25	17.57314	7.78732	6.9832	18.3918
13/08/07	50	17.7204	10.375625	8.1403	12.586
20/08/07	1	16.02448	23.714681	10.2921	22.8578
20/08/07	10	14.32438	19.483797	8.8305	17.6204
20/08/07	25	13.30286	9.205643	9.2771	10.4139
20/08/07	50	16.82454	8.218992	9.6019	15.8746
28/08/07	1	24.5115	20.769527	7.7343	35.3017
28/08/07	10	23.0238	15.107369	7.8967	28.2779
28/08/07	25	19.2647	5.816792	7.5313	12.3221
28/08/07	50	19.8574	7.986393	7.5719	16.3415
03/09/07	1	22.69182	11.324367	10.9011	37.0881
03/09/07	10	20.08938	8.33909	13.804	27.405
03/09/07	25	16.28478	2.209607	15.2453	8.729
03/09/07	50	16.8113	7.619958	11.4695	14.21
10/09/07	1	19.90244	18.962238	2.9841	27.5268
10/09/07	10	21.5165	17.860013	5.684	27.3847
10/09/07	25	26.90468	14.96634	5.5013	26.6539
10/09/07	50	22.36698	3.630911	12.383	14.2506
17/09/07	1	22.93328	17.681842	13.804	16.1588
17/09/07	10	19.50398	7.783046	12.0988	9.744
17/09/07	25	17.8644	2.601472	17.2144	9.1553
17/09/07	50	17.30244	2.643299	18.3106	7.8561
02/10/07	1	16.14914	8.72511	13.2762	19.7722
02/10/07	10	15.87798	9.068137	12.9717	19.894
02/10/07	25	15.99922	8.834654	12.0176	19.0617
02/10/07	50	16.03124	8.847596	12.6672	18.473
25/10/07	1	13.4927	7.529993	6.6381	6.8614
25/10/07	10	13.53816	7.702113	6.8411	6.6178
25/10/07	25	13.61326	7.718798	6.3539	7.0441
25/10/07	50	13.9081	7.946792	6.6787	8.4854
30/10/07	1	13.78634	8.106961	7.2877	10.4139
30/10/07	10	12.88706	8.386288	7.2268	9.4192
30/10/07	25	11.88788	8.152	6.9426	9.2365
30/10/07	50	13.79706	9.598885	6.8614	10.15
05/11/07	1	15.76712	12.617773	7.8561	12.1597
05/11/07	10	14.87844	12.913369	8.7696	11.774
05/11/07	25	14.91294	12.919288	7.7952	11.5304
05/11/07	50	15.03972	13.409595	7.8764	11.6928
12/11/07	1	16.00702	13.484176	6.3742	8.9523
12/11/07	10	15.9531	13.60196	6.3539	9.4598
12/11/07	25	15.56588	13.543019	6.1306	8.6478
12/11/07	50	14.88266	11.72075	8.729	8.5666
22/11/07	1	12.76812	8.236393	13.9867	7.2471
22/11/07	10	12.53336	8.239868	14.3115	5.8667
22/11/07	25	12.60492	8.268438	14.2709	5.7449
22/11/07	50	12.13012	7.934449	14.5348	6.5975
26/11/07	1	10.6842	7.528055	12.4236	7.0238
26/11/07	10	10.6213	7.484723	11.8552	6.2321
26/11/07	25	10.44314	7.382174	12.3424	6.0088
26/11/07	50	11.00642	7.312715	10.6575	6.1915
11/12/07	1	12.09052	7.07038	5.6637	6.1712
11/12/07	10	11.66418	6.891525	4.8111	5.5622
11/12/07	25	11.76192	6.105293	4.872	5.1765
11/12/07	50	11.23412	9.033093	5.887	9.1959
28/01/08	1	9.4754	15.320342	7.2674	18.6354
28/01/08	10	8.80356	13.217009	6.0291	15.1235
28/01/08	25	8.45658	5.600148	5.1765	5.9073
28/01/08	50	9.52848	8.596444	6.5975	6.7599
27/02/08	1	11.23026	15.427781	5.075	9.7846
27/02/08	10	10.19984	12.830069	4.1412	10.1094
27/02/08	25	8.77212	12.923859	4.5878	9.5816
27/02/08	50	9.30396	9.774925	4.7705	8.2621
05/03/08	1	6.94322	7.493001	6.1509	16.4836
05/03/08	10	7.44196	8.97204	7.4907	14.21
05/03/08	25	6.55398	6.297563	6.7193	9.9876
05/03/08	50	7.07674	3.735167	9.4598	5.5825
17/03/08	1	12.56488	9.214954	10.7793	12.3627
17/03/08	10	12.73132	12.069568	11.571	21.1526
17/03/08	25	12.09978	12.323004	9.0538	21.5789
17/03/08	50	12.26466	12.267914	9.4395	24.8878
07/04/08	1	9.29664	6.142064	17.5595	32.4597
07/04/08	10	6.9811	4.611815	13.398	16.6866
07/04/08	25	6.70538	4.001502	14.5754	16.9302
07/04/08	50	6.23818	3.198069	13.0529	14.4739
21/04/08	1	12.718	6.707012	7.8764	13.3168
21/04/08	10	12.28092	6.682386	7.511	12.7078
21/04/08	25	12.1888	7.148288	8.3636	12.3221
21/04/08	50	12.43464	NA	8.0185	11.0838
28/04/08	1	20.80974	108.890882	30.4703	158.4821
28/04/08	10	20.74414	109.832211	32.886	156.8378
28/04/08	25	20.38372	110.019033	39.4835	162.2579
06/05/08	1	21.6875	12.570389	13.4386	30.7139
06/05/08	10	22.09742	13.017979	13.2762	33.5559
06/05/08	25	15.47564	3.564051	18.27	23.1014
06/05/08	50	14.94774	3.122186	17.6813	21.2135
12/05/08	1	12.33802	13.626809	0	34.2055
12/05/08	10	12.3095	3.305384	0	26.999
12/05/08	25	11.17154	2.152209	0	17.864
12/05/08	50	12.22404	5.53997	19.6098	36.1137
19/05/08	1	14.4879	12.178202	19.1835	65.7517
19/05/08	10	14.24818	12.02483	24.7863	65.975
19/05/08	25	15.2492	6.486429	23.7104	60.9609
19/05/08	50	19.87246	3.767836	33.8401	59.885
02/06/08	1	20.27178	27.463444	37.555	104.8495
02/06/08	10	11.76158	18.103158	29.7801	59.885
02/06/08	25	10.14948	12.008711	95.6536	47.4614
02/06/08	50	12.09396	2.102836	68.208	94.5574
09/06/08	1	21.37038	49.353765	34.7333	80.2256
09/06/08	10	19.63498	34.97073	40.1534	86.1532
09/06/08	25	16.78168	7.67513	34.2258	33.4138
09/06/08	50	17.28064	2.573544	37.7783	10.2109
16/06/08	1	22.27566	9.497346	20.1782	124.6623
16/06/08	10	22.84786	9.907486	19.3256	71.1109
16/06/08	25	15.97284	2.935956	27.9937	18.5745
16/06/08	50	19.06642	1.958463	41.0263	37.1287
23/06/08	1	17.23856	8.330872	22.2082	24.1164
23/06/08	10	16.06562	8.030796	26.2682	24.4818
23/06/08	25	19.80602	1.24729	41.0263	12.7484
23/06/08	50	22.01452	0.258083	17.3159	6.9629
30/06/08	1	45.422	62.064589	17.0723	23.0811
30/06/08	10	41.98606	41.960129	24.2788	21.2135
30/06/08	25	24.98488	0.160725	21.8834	3.4307
30/06/08	50	24.5998	0.093489	20.9902	1.7255
14/07/08	1	27.02822	6.098266	25.1923	36.6618
14/07/08	10	27.67394	6.065133	29.5771	35.8295
14/07/08	25	22.40704	0.936222	10.0282	5.7043
14/07/08	50	17.72318	0.956213	11.5507	3.7352
21/07/08	1	26.78192	2.572551	46.2637	21.4368
21/07/08	10	28.264	4.217895	42.7518	20.8481
21/07/08	25	16.1239	0.352098	12.6875	1.8067
21/07/08	50	19.60074	0.354448	13.0732	1.4616
28/07/08	1	9.47098	5.183343	20.909	29.3132
28/07/08	10	8.49988	5.170229	19.1226	24.3803
28/07/08	25	14.66236	1.331334	26.2276	8.729
28/07/08	50	17.21302	0.995333	48.923	7.917
20/08/08	1	17.54602	8.776948	10.6778	48.0298
20/08/08	10	13.00976	3.223939	7.0441	33.2311
20/08/08	25	11.27804	1.309305	10.6981	32.1349
20/08/08	50	14.21092	1.018839	11.2462	32.7845
26/08/08	1	23.44518	19.410633	21.2338	46.7915
26/08/08	10	18.72354	18.450625	23.2435	37.0272
26/08/08	25	11.49528	1.977052	26.0043	3.4307
26/08/08	50	14.3122	1.096887	23.2638	2.6999
02/09/08	1	26.86762	0.541343	9.2162	9.0538
02/09/08	10	25.7824	0.630407	9.9876	10.4748
02/09/08	25	20.41304	0.943304	17.7422	6.7396
02/09/08	50	20.58916	0.745115	18.2091	4.1818
22/09/08	1	21.32736	45.876873	31.0184	52.5364
22/09/08	10	20.4209	45.152633	31.3838	56.3528
22/09/08	25	19.5751	43.26228	33.6777	56.3325
22/09/08	50	14.3239	11.067734	25.8013	14.3318
05/01/09	1	14.12326	4.248242	4.3442	5.9073
05/01/09	10	14.38172	4.544134	3.9991	6.1509
05/01/09	25	14.10414	4.810874	4.1412	6.2727
05/01/09	50	13.3633	5.231555	4.263	6.3945
13/01/09	1	11.9922	6.270238	3.7961	6.496
13/01/09	10	11.93262	6.217913	3.7352	6.1712
13/01/09	25	12.89788	6.295186	3.3089	6.3539
13/01/09	50	12.5915	5.826976	3.3089	7.0644
21/01/09	1	14.7587	7.050948	4.1818	7.7749
21/01/09	10	13.73128	7.498766	3.2683	7.2471
21/01/09	25	13.26048	7.156721	3.3698	7.105
21/01/09	50	13.23016	6.035166	3.6946	6.3539
26/01/09	1	13.033	7.245147	3.7555	7.3283
26/01/09	10	12.90254	7.205088	3.7149	8.1606
26/01/09	25	12.47654	7.138012	3.6946	7.4907
26/01/09	50	12.35612	6.941569	3.857	7.308
11/02/09	1	13.03986	7.13647	3.7758	6.6381
11/02/09	10	13.09968	7.416555	2.639	6.09
11/02/09	25	12.96922	7.751441	2.5375	5.7449
11/02/09	50	11.97452	10.39374	3.4104	11.6928
16/02/09	1	11.92252	6.716854	3.3901	7.6125
16/02/09	10	11.84996	7.017386	3.2277	7.2065
16/02/09	25	11.9082	6.490865	3.1871	5.4201
16/02/09	50	13.04916	6.756773	3.7555	6.1712
23/02/09	1	10.3315	13.620163	5.2374	18.7166
23/02/09	25	9.98642	11.204764	4.669	20.2797
23/02/09	50	11.94348	6.66859	3.3495	4.466
02/03/09	1	11.3616	9.99006	3.4104	8.9523
02/03/09	10	11.41404	10.170295	3.9585	9.3989
02/03/09	25	11.44734	9.648119	3.248	8.0997
02/03/09	50	11.58542	9.720282	3.5322	8.7696
09/03/09	1	12.71828	12.984888	3.4713	9.8252
09/03/09	10	12.48018	13.093434	3.5931	9.6831
09/03/09	25	12.61286	13.157362	3.4713	9.5816
09/03/09	50	11.9709	12.046205	3.2683	10.2515
16/03/09	1	11.68902	14.530953	3.4307	8.8102
16/03/09	10	12.5512	13.342916	5.4201	9.0335
16/03/09	25	12.39282	11.264077	5.3186	8.3433
16/03/09	50	12.51656	11.802825	5.1359	7.917
23/03/09	1	11.81688	15.116849	2.7202	8.0388
23/03/09	10	12.69802	12.271696	2.8217	10.15
23/03/09	25	12.51972	13.57619	4.4254	12.4236
23/03/09	50	12.6486	11.59463	5.1968	9.1756
30/03/09	1	10.88296	4.421944	35.2205	11.4898
30/03/09	10	10.93728	4.835896	46.3449	15.7122
30/03/09	25	10.50118	4.817933	37.0881	14.2912
30/03/09	50	10.6161	5.907776	34.9363	15.3671
06/04/09	1	10.79814	22.819026	46.8321	52.4755
06/04/09	10	11.86086	32.299818	44.7818	58.6873
06/04/09	25	13.58194	10.347284	38.2452	27.1005
06/04/09	50	13.64262	10.619683	41.7165	26.187
14/04/09	1	8.36736	19.260293	3.4713	20.4421
14/04/09	10	8.76338	16.586239	3.6337	16.037
14/04/09	25	9.24072	9.541147	4.1209	13.1138
14/04/09	50	11.27268	17.932833	4.872	28.9275
21/04/09	1	15.38408	36.127419	10.1094	73.2018
21/04/09	10	12.21626	27.897868	11.7537	84.0826
21/04/09	25	7.4729	7.48352	8.7493	53.6529
21/04/09	50	8.81088	4.105257	7.9982	30.7342
27/04/09	1	12.2722	5.106669	4.9329	41.7571
27/04/09	10	13.14848	5.327377	4.9938	51.0545
27/04/09	25	15.1091	5.169981	5.5622	55.7235
27/04/09	50	13.03288	11.392789	13.4183	75.9829
05/05/09	1	7.7154	21.60276	29.1305	124.439
05/05/09	10	8.02496	11.853394	28.7854	113.9642
05/05/09	25	8.33248	1.308771	29.8816	73.283
05/05/09	50	12.45178	9.669793	24.1976	75.2724
14/05/09	1	19.85774	26.00616	9.1959	42.4067
14/05/09	10	19.5118	23.259017	9.8049	38.8136
14/05/09	25	18.01514	14.105102	9.3989	31.6071
14/05/09	50	17.47362	7.42914	5.9682	22.3909
21/05/09	1	17.43014	9.801473	2.6999	17.9452
21/05/09	10	14.4142	5.836304	3.5525	16.7272
21/05/09	25	14.86676	2.030774	3.9179	12.5657
21/05/09	50	16.7855	3.698624	7.1253	9.744
02/06/09	1	14.77018	4.018438	13.3574	11.2665
02/06/09	10	16.76792	4.333592	12.7687	13.2965
02/06/09	25	8.6402	0.548323	10.5966	7.2674
02/06/09	50	7.95516	0.464215	6.6178	7.4298
08/06/09	1	8.18746	3.79291	5.1765	33.0687
08/06/09	10	8.23464	4.371115	6.6381	40.1331
08/06/09	25	8.04404	5.409543	7.3689	37.6159
08/06/09	50	7.75266	3.872365	6.7396	28.1764
15/06/09	1	16.81932	9.256583	9.3989	14.8596
15/06/09	10	15.47864	11.724111	4.669	6.496
15/06/09	25	14.17234	5.198314	10.556	7.2877
15/06/09	50	10.0816	1.005206	12.0176	7.3486
22/06/09	1	12.13552	14.033345	6.7193	38.4888
22/06/09	10	12.2243	17.627073	6.496	33.9416
22/06/09	25	13.35984	33.653127	7.511	35.4438
22/06/09	50	8.60984	3.12233	10.962	17.4783
29/06/09	1	22.81822	9.947844	2.2533	7.4907
29/06/09	10	17.89922	6.329297	2.9435	14.1491
29/06/09	25	10.78478	1.900161	3.1871	11.4492
29/06/09	50	12.72402	1.617318	3.0044	10.759
07/07/09	1	32.9734	29.222707	7.3689	34.8551
07/07/09	10	41.19018	29.31671	5.7449	35.4641
07/07/09	25	17.4262	2.398966	2.5375	2.1518
07/07/09	50	18.74368	0.769047	2.3142	1.9894
13/07/09	1	14.6193	43.358716	4.263	13.4589
13/07/09	10	15.12286	42.556226	5.0141	14.0476
13/07/09	25	12.05206	5.237933	7.9779	6.3336
13/07/09	50	12.32096	2.376453	8.6072	2.9638
20/07/09	1	51.68078	85.955717	40.194	136.8626
20/07/09	10	46.17904	101.586906	46.3855	165.5465
20/07/09	25	39.2303	5.496473	27.7704	18.7572
20/07/09	50	36.90658	3.744913	24.36	11.0026
27/07/09	1	81.47614	30.086078	21.6601	28.6636
27/07/09	10	86.4984	21.369791	21.8428	20.9496
27/07/09	25	54.588	2.705021	34.9769	10.9417
27/07/09	50	48.09512	2.386927	31.7086	14.7987
17/08/09	2	14.95742	14.849476	4.2224	42.1428
24/08/09	2	27.58192	13.136668	9.6831	40.2549
24/08/09	10	29.5792	13.630574	10.7387	46.7103
24/08/09	25	25.24056	9.006047	9.4801	31.0387
24/08/09	50	29.79034	9.929115	8.729	22.939
07/09/09	2	39.88434	18.24675	9.4192	23.8931
07/09/09	10	39.30578	19.594404	8.8914	22.9593
07/09/09	25	34.36824	11.396382	9.0335	15.7528
07/09/09	50	18.96832	2.017875	5.9276	2.842
14/09/09	2	23.18462	15.774208	5.0547	23.751
14/09/09	10	25.23612	16.177378	5.3795	24.3397
14/09/09	25	22.95294	16.085083	5.0141	22.1676
14/09/09	50	16.54244	5.690133	4.8923	6.9832
22/09/09	2	31.3219	12.93687	8.0185	16.7272
22/09/09	10	29.529	12.090935	7.8155	14.3115
22/09/09	25	30.72672	11.624213	7.6734	13.9664
22/09/09	50	29.04648	11.651327	6.699	13.4183
30/09/09	2	22.32696	13.723811	4.6487	37.7377
30/09/09	10	29.07424	14.481227	5.8464	45.5735
30/09/09	25	23.11448	18.293157	8.4245	58.464
30/09/09	50	37.31776	10.883723	5.1156	20.7872
07/10/09	2	30.2562	5.910682	10.4951	16.9302
07/10/09	10	31.04144	5.824724	7.8358	15.6716
07/10/09	25	28.71184	5.324817	7.6125	11.4492
07/10/09	50	30.72422	4.929538	8.3839	10.3936
12/10/09	2	18.47822	3.91347	5.1968	25.6389
12/10/09	10	17.60244	3.658378	6.7193	24.7254
12/10/09	25	15.94938	2.892815	7.917	20.2188
12/10/09	50	21.23016	1.551292	7.2471	12.0176
19/10/09	2	33.15596	11.347319	4.5472	18.5136
19/10/09	10	29.34378	11.924867	5.0344	19.691
19/10/09	25	30.08538	9.867872	5.2983	21.518
19/10/09	50	34.86098	10.830467	5.1765	19.4677
26/10/09	2	35.43776	17.740294	4.3442	14.616
26/10/09	10	31.82664	17.389952	4.1615	12.7484
26/10/09	25	30.35254	15.572053	3.7149	9.6019
26/10/09	50	29.01666	13.46421	3.6946	7.9982
09/11/09	2	27.37814	17.451628	3.7758	7.9779
09/11/09	10	26.9093	17.525183	3.857	7.5313
09/11/09	25	28.53746	17.394006	4.4863	6.8411
09/11/09	50	24.02754	12.163049	4.4254	5.0141
01/12/09	2	18.6745	5.62182	5.1156	4.0397
01/12/09	10	18.056	5.400026	4.9329	3.6134
01/12/09	25	16.57602	4.666525	4.7502	3.0044
01/12/09	50	16.40754	4.961921	4.9126	3.4916
09/12/09	2	16.60608	5.651015	5.3186	4.872
09/12/09	10	16.60264	5.73288	5.5013	4.9938
09/12/09	25	16.14	5.749579	5.1156	4.8111
09/12/09	50	15.13292	6.022251	4.8111	5.3592
15/12/09	2	15.10592	6.556272	5.2983	6.09
15/12/09	10	15.70672	6.494948	5.4404	5.6637
15/12/09	25	16.38826	7.185778	4.872	6.7599
15/12/09	50	14.68348	8.396307	6.0494	9.338
21/12/09	2	10.09126	9.972516	8.2418	11.8755
21/12/09	10	9.98554	9.769831	8.4042	10.7996
21/12/09	25	8.44242	10.051006	7.7952	9.338
21/12/09	50	8.56292	7.314598	7.5922	6.6178
04/01/10	2	11.40966	10.598853	3.4713	6.902
04/01/10	10	10.7571	10.722215	3.4916	7.0847
04/01/10	25	13.87228	10.582367	2.9232	7.0238
04/01/10	50	11.31132	10.585748	3.1668	6.6584
11/01/10	0.9	9.47496	8.706951	2.8826	5.7855
11/01/10	10.2	8.63408	8.503028	2.3954	5.7246
11/01/10	24.7	8.29712	8.247423	3.1262	6.0088
11/01/10	50.4	9.08106	8.473916	2.1315	6.1509
18/01/10	1.5	21.95678	7.114405	2.5781	7.1456
18/01/10	10.3	20.17426	7.367263	1.7052	6.5772
18/01/10	25.6	19.79006	21.684719	1.9082	5.2983
18/01/10	50	19.2562	5.962199	2.5375	5.075
26/01/10	2.1	9.47406	8.486628	3.6337	17.3159
26/01/10	10.2	8.7698	8.920562	3.1059	18.0873
26/01/10	25.1	8.29074	2.897191	3.0856	6.1306
26/01/10	50.4	8.46692	3.970613	6.09	13.398
01/02/10	2	7.99726	5.470399	12.4033	24.0758
01/02/10	10	7.84728	5.545723	10.6169	23.1217
01/02/10	25	7.08358	5.704921	10.6372	21.7616
01/02/10	50	7.3996	5.600452	10.3124	21.0917
08/02/10	2	8.03976	7.853647	5.3998	10.6575
08/02/10	10	8.87098	9.414047	5.6028	11.977
08/02/10	25	9.08784	6.681805	4.5269	8.8508
08/02/10	50	8.84486	9.755513	4.263	13.7228
15/02/10	2	9.55718	18.703872	10.4545	25.1111
15/02/10	10	9.13094	18.852036	9.5207	25.0299
15/02/10	25	9.60788	16.54526	10.1094	20.9496
15/02/10	50	10.4442	8.412082	7.1456	10.7387
25/02/10	2	9.12304	11.921881	4.3239	10.7996
25/02/10	10	8.93142	11.025671	4.5878	10.6981
25/02/10	25	8.91364	11.081786	5.5622	9.9673
25/02/10	50	8.1296	9.665927	5.278	10.4748
01/03/10	2	9.84796	14.908556	4.466	13.601
01/03/10	10	9.36552	15.83329	4.4863	14.0882
01/03/10	25	9.32102	10.107878	4.2833	9.3583
01/03/10	50	9.11064	7.764562	5.0953	8.7899
08/03/10	1.8	11.38188	12.805906	5.1765	10.8808
08/03/10	9.3	10.05476	12.882843	5.075	10.962
08/03/10	25	10.50682	12.51132	4.9532	9.5816
08/03/10	49.6	9.08192	12.332532	5.4607	12.5657
15/03/10	1.8	10.9239	14.312227	5.684	16.24
15/03/10	9.8	11.30842	12.511355	6.2727	13.4386
15/03/10	25	11.2113	12.351066	6.3336	11.6319
15/03/10	50.3	10.20702	8.900508	5.5216	9.8252
07/04/10	1.3	8.66466	2.978333	5.2171	9.5613
07/04/10	9.7	8.69864	1.59304	4.2021	7.4298
07/04/10	24.7	8.63972	0.784312	10.3936	4.8314
07/04/10	48.9	8.382	0.836074	13.3371	6.0088
12/04/10	2.1	13.47018	8.189124	8.3433	20.7669
12/04/10	10.1	12.90542	6.266204	10.353	19.8534
12/04/10	25.5	11.79296	1.952827	14.413	14.21
12/04/10	49.8	13.43334	2.483197	13.6213	8.1809
19/04/10	1.3	18.47038	5.518169	3.9788	7.7749
19/04/10	9.9	16.9411	3.905381	8.0185	17.3159
19/04/10	25.3	16.5827	2.905967	13.0732	20.2594
19/04/10	50.2	16.78386	3.913188	7.6328	15.8137
26/04/10	1.3	20.81848	7.589916	1.8676	15.5701
26/04/10	10.1	5.7196	7.191424	2.2127	12.4439
26/04/10	24.4	3.69872	0.830194	7.714	15.8746
26/04/10	49.9	4.1762	0.871144	13.9664	13.3371
04/05/10	2	18.81546	0.525036	22.6548	68.1268
04/05/10	10	18.85396	0.507407	30.0643	74.1965
04/05/10	25	18.9784	0.445983	32.5409	87.0261
04/05/10	50	19.45622	0.466163	34.3679	95.1258
10/05/10	2	19.53128	0.804644	18.7775	73.9123
10/05/10	10	18.84818	0.926193	17.6813	76.4701
10/05/10	25	18.37726	0.930766	19.3256	73.3033
10/05/10	50	25.8315	0.566849	0	508.1293
17/05/10	2	11.17456	9.805547	36.1543	125.9412
17/05/10	10	14.94958	8.706144	40.5797	128.702
17/05/10	25	15.45744	1.540184	43.3202	133.6552
17/05/10	50	17.0113	1.052174	47.1569	138.243
24/05/10	1.1	19.26822	30.650441	33.3529	100.7083
24/05/10	10.1	19.0016	34.881512	46.5479	97.6836
24/05/10	25.3	15.36656	1.537988	22.2285	27.8922
24/05/10	50	15.61072	0.624644	23.6901	22.939
02/06/10	1.9	NA	8.099658	0	56.3325
02/06/10	10.2	NA	8.296156	0	64.757
02/06/10	25	NA	1.052181	0	14.9408
02/06/10	50.2	NA	0.749896	0	13.3574
07/06/10	1	14.62134	8.601434	4.1209	35.525
07/06/10	10	9.40104	3.367702	3.0247	38.3264
07/06/10	25.5	9.9013	0.847997	3.8367	19.7316
07/06/10	50.1	17.30864	0.547352	4.4254	13.4589
14/06/10	1.1	16.81222	27.97182	3.9991	77.1197
14/06/10	10.2	15.548	27.738157	3.7555	76.3077
14/06/10	25.4	15.13616	32.685141	2.6187	53.3687
14/06/10	50	25.52646	4.050674	2.2127	25.2735
21/06/10	1.3	14.18598	12.445092	13.3371	42.021
21/06/10	10.1	8.98454	6.850386	13.5604	30.9981
21/06/10	25.1	12.17356	5.484905	13.6822	20.5842
21/06/10	50.1	16.1183	5.224266	14.0476	15.631
29/06/10	1.2	10.38112	16.590267	32.0131	197.1739
29/06/10	10.1	7.6249	13.322855	22.2894	125.657
29/06/10	25.5	12.56044	1.735748	15.7122	56.0077
29/06/10	50.6	13.72516	1.722879	15.3062	11.5101
06/07/10	1.5	13.82742	19.965174	12.8905	94.5574
06/07/10	10.1	13.6092	31.59652	9.6831	73.8514
06/07/10	24.8	13.2633	11.257169	8.0388	15.6513
06/07/10	50.2	15.7256	2.997407	7.7546	9.1553
12/07/10	1	11.0436	9.113131	9.0335	27.4253
12/07/10	10.2	10.25334	9.267301	10.4545	32.6627
12/07/10	25.4	9.98678	6.326692	6.8817	13.5604
12/07/10	50.4	11.51836	2.875445	6.6787	8.4448
19/07/10	1.2	13.22212	40.513188	26.5118	100.7286
19/07/10	10	8.35334	21.969146	19.7722	65.975
19/07/10	50.7	11.55696	3.488719	18.0467	15.8137
26/07/10	1.4	23.91892	15.579823	13.1341	34.2258
26/07/10	10.2	29.491	22.314231	10.962	20.5842
26/07/10	30.1	18.1928	4.963308	11.4492	7.3283
26/07/10	50.7	17.94728	3.249836	12.0988	6.6787
03/08/10	1.4	21.93902	18.74965	18.3512	32.1552
03/08/10	9.8	22.90328	21.603875	17.4377	29.7598
03/08/10	25.8	16.50544	NA	18.3512	0
03/08/10	50.4	17.40134	1.32099	20.1579	4.3848
11/08/10	1.4	19.50718	26.82689	26.5727	60.3113
11/08/10	10	20.04276	26.580887	33.4341	65.9344
11/08/10	24.9	15.54552	1.426482	18.6963	6.2524
11/08/10	50.1	15.76084	1.047143	24.6442	5.3186
16/08/10	2	19.59318	20.630098	29.6583	78.6016
16/08/10	10	19.86574	19.834629	30.2064	80.8143
16/08/10	25	18.52406	8.483198	23.548	25.2126
16/08/10	50	18.37446	7.210941	20.7466	20.8278
31/08/10	1.4	14.15866	11.635151	24.2788	26.9178
31/08/10	10	11.7021	10.852166	19.0008	25.6998
31/08/10	25	9.9332	7.755599	20.9902	15.834
31/08/10	50.3	7.87614	3.796018	23.3653	6.5569
06/09/10	1	34.4184	18.999594	17.255	31.9725
06/09/10	10.3	34.38458	20.744702	20.503	32.7236
06/09/10	24.9	32.57036	20.334968	29.6583	37.0881
06/09/10	49.6	22.55382	8.463024	14.1491	11.4289
13/09/10	3	21.57286	11.228824	17.2144	28.7245
13/09/10	10.5	20.69978	8.981769	16.849	24.7863
13/09/10	26.3	16.76702	2.273062	16.9911	5.7246
13/09/10	50.5	13.65942	1.948771	15.8949	4.1209
20/09/10	1.3	33.38268	49.632062	25.6186	79.5963
20/09/10	9.9	30.40642	41.098069	16.8084	75.0491
20/09/10	25	25.6132	8.457636	26.5727	36.1137
20/09/10	50.5	15.04244	0.83149	18.6354	1.6037
27/09/10	1.3	36.94888	27.782894	20.097	23.9134
27/09/10	10.1	33.79648	28.764308	20.1985	27.1005
27/09/10	25.1	29.70094	29.153286	16.646	21.2338
27/09/10	50.3	19.5563	6.549156	21.9037	5.4404
04/10/10	1.6	26.66868	21.672679	22.7157	31.5462
04/10/10	10	23.81106	17.301534	22.4924	35.4438
04/10/10	25.1	23.12582	11.972846	36.3776	15.225
04/10/10	50.1	20.42974	4.565614	18.27	5.684
13/10/10	1.4	19.92084	16.81815	44.4367	10.3327
13/10/10	10.2	19.90698	17.097363	40.3361	10.3124
13/10/10	25.4	19.7293	15.669261	46.4058	10.556
13/10/10	50.1	19.60832	13.470568	43.3202	9.135
18/10/10	1.3	23.80104	30.158323	24.2585	14.1694
18/10/10	10	21.02726	16.095588	28.3185	12.6266
18/10/10	24.8	20.94548	16.334519	25.4765	8.7087
18/10/10	50.1	20.25964	12.241727	28.2576	8.4042
01/11/10	1.1	18.89556	11.522547	24.7863	7.4907
01/11/10	10.1	19.21492	11.876377	24.7254	7.0644
01/11/10	24.8	19.61448	11.702024	23.4668	6.4148
01/11/10	49.9	19.7464	11.97822	21.5586	6.2321
16/11/10	1.1	17.4259	11.041231	34.713	8.0794
16/11/10	10	18.17542	10.440245	35.9107	8.0591
16/11/10	24.9	19.99292	10.87421	54.5867	8.3433
16/11/10	49.9	22.819	7.812654	55.9671	4.5066
22/11/10	1.3	16.34774	11.336191	17.0114	5.3998
22/11/10	9.8	15.04984	8.049286	14.5551	4.1006
22/11/10	26.1	13.96954	8.354267	13.7837	4.6487
22/11/10	50	13.23396	6.15214	17.3565	4.263
30/11/10	1	14.36896	12.595132	17.7016	9.2771
30/11/10	10.3	14.4381	12.620113	17.7625	8.8508
30/11/10	25.9	14.57688	12.766663	19.4271	8.2621
30/11/10	49.6	14.6589	12.884564	20.4624	8.2621
06/12/10	1.7	14.12886	15.195231	16.849	10.2921
06/12/10	10.1	14.17846	15.35661	17.3565	10.2515
06/12/10	25.3	14.24034	15.437196	17.458	9.5613
06/12/10	49.8	14.39174	15.164463	18.7572	9.9064
06/01/11	1.5	10.95496	5.139449	15.6513	6.1915
06/01/11	10.1	10.82738	5.434444	13.6822	6.496
06/01/11	25	7.46418	5.285538	13.1138	6.4757
06/01/11	50.5	9.138	5.124345	13.0326	6.293
17/01/11	1.7	11.93862	8.394323	30.6327	7.6531
17/01/11	10.5	9.94504	8.307551	25.984	6.8411
17/01/11	25	10.87718	8.646335	22.4112	7.4298
17/01/11	48.4	11.56898	6.815481	18.2497	5.6637
25/01/11	1.7	8.24976	9.617337	14.6972	9.0538
25/01/11	10.2	5.60278	10.000078	15.6716	9.8861
25/01/11	25	7.61572	10.154335	13.4183	10.0282
25/01/11	50	2.68496	10.165337	14.2303	8.7087
31/01/11	1.6	NA	11.349105	23.2232	7.6125
31/01/11	10	4.88398	10.131499	22.1067	7.3689
31/01/11	24.8	7.51192	9.907035	20.909	7.2674
31/01/11	50.3	6.60454	9.49967	24.7254	6.6584
08/02/11	1.6	7.17274	16.179957	12.3018	4.7705
08/02/11	10.1	7.69742	16.392758	13.4183	5.0547
08/02/11	26.7	7.50052	15.894399	14.5145	4.0803
08/02/11	48.6	20.81216	15.903271	14.6363	3.6743
14/02/11	2	6.00026	11.123865	18.1685	3.8367
22/02/11	1.8	5.71676	7.491783	14.6566	4.9735
22/02/11	10.1	4.82658	7.642288	14.1085	5.1359
22/02/11	25.9	4.23356	6.207117	13.8243	3.9179
22/02/11	50.2	3.75702	6.772607	13.5401	4.6487
07/03/11	1.6	5.23212	11.849716	15.7731	14.2912
07/03/11	10.1	4.84576	11.665972	15.631	14.5754
07/03/11	25.5	4.92488	11.507651	15.8137	13.9461
07/03/11	50.9	4.84266	11.247273	15.9558	12.9717
14/03/11	1.2	5.37876	11.712497	11.7131	28.7042
14/03/11	10.1	5.09814	9.669398	9.4192	26.7757
14/03/11	25.1	6.24426	8.603607	8.7493	13.3168
14/03/11	50.1	5.79948	7.597946	11.1853	10.1703
28/03/11	2.4	3.991	3.579431	9.7237	11.8552
28/03/11	10.4	4.34374	3.782657	24.2585	9.4395
28/03/11	25.1	5.7823	2.491121	30.247	9.7034
28/03/11	49.8	5.88332	2.456118	25.2532	11.6725
06/04/11	1.5	8.036	4.714225	47.5223	28.8666
06/04/11	10.1	8.42424	5.397581	44.6803	36.8039
06/04/11	25.1	7.46528	1.720569	32.7033	12.9311
06/04/11	50	7.48912	1.698046	31.9928	12.0176
11/04/11	2.1	4.5617	4.18199	22.7157	25.5983
11/04/11	10	4.56468	3.860697	22.3097	26.1058
11/04/11	25	11.48168	2.397867	59.1542	18.5745
11/04/11	50.1	11.85724	1.946501	69.7914	18.9805
18/04/11	1.9	4.07304	2.651147	25.4765	12.8499
18/04/11	11	8.74444	3.049815	44.4976	21.0917
18/04/11	26.6	10.39328	3.233291	47.908	23.5074
18/04/11	51.1	10.6949	3.296863	63.2142	21.4165
26/04/11	1.8	6.69604	5.326432	47.8065	49.4508
26/04/11	10.3	6.09528	3.395864	45.2487	45.0457
26/04/11	25	8.96434	4.297765	65.6096	19.2647
11/05/11	1.6	19.60902	34.4128	24.9487	90.2538
11/05/11	10.3	18.68186	37.00607	16.2603	68.6749
11/05/11	24.9	10.5465	12.944685	44.8224	62.93
11/05/11	49.8	10.0409	6.230089	51.3793	39.585
16/05/11	1.4	8.29596	7.868755	49.4508	18.4324
16/05/11	10	8.19346	7.974255	50.0192	18.5745
16/05/11	25.1	5.14178	1.60015	11.774	10.0485
16/05/11	50.2	6.83294	1.378846	10.0688	10.2515
24/05/11	1.5	8.24496	56.723007	89.2591	55.3581
24/05/11	9.9	7.20064	57.12466	83.8187	52.9221
24/05/11	25.6	8.28072	49.235512	76.3077	41.3917
24/05/11	49.6	4.96542	4.71088	50.5267	8.6275
01/06/11	1.5	12.87946	16.344087	57.0024	45.2487
01/06/11	10.4	10.94026	16.11156	55.2769	45.1269
01/06/11	24.8	10.52466	4.101449	38.8948	20.4421
01/06/11	50.3	5.3918	2.52679	34.8348	16.6257
06/06/11	1.4	3.9673	6.090556	23.0608	29.0087
06/06/11	9.9	3.49994	6.255773	24.36	28.1561
06/06/11	25.3	7.26464	2.476548	27.2223	15.7934
06/06/11	50.2	8.37666	2.519312	25.2532	16.5851
14/06/11	1.3	12.88014	16.746954	31.4447	23.2435
14/06/11	10.3	9.1165	5.616112	22.7563	24.4615
14/06/11	24.8	5.68828	2.465308	37.7783	14.1491
14/06/11	50	5.24974	1.832743	39.1993	9.2771
20/06/11	1.2	14.5441	17.954787	47.3802	31.9116
20/06/11	10.1	11.3951	20.435088	31.262	40.5391
20/06/11	25.1	10.88932	7.747923	44.2337	19.4474
20/06/11	49.5	7.41818	2.676374	30.247	9.3583
27/06/11	1.8	12.32512	13.916019	36.54	35.8498
27/06/11	10.7	7.13376	16.515725	24.157	37.0069
27/06/11	25	10.6288	6.094234	22.2488	14.2912
27/06/11	50	6.15856	1.282345	21.7616	6.5366
04/07/11	1.9	31.59598	16.444293	41.2902	51.9477
04/07/11	10.4	21.65422	21.76765	35.9107	47.7659
04/07/11	25.1	10.44334	3.158895	38.6918	9.9673
04/07/11	50.2	8.8291	2.872291	40.0519	10.1703
11/07/11	1.3	19.15296	17.015027	20.5233	22.736
11/07/11	10.1	18.23526	16.082013	16.8287	25.0096
11/07/11	25	11.09242	1.572905	22.2894	4.263
11/07/11	50	10.43346	1.252193	23.8322	3.9991
19/07/11	1.1	7.14436	5.693928	16.6663	19.1835
19/07/11	9.7	6.41944	5.185527	13.8649	20.0767
19/07/11	24.7	5.31922	0.619986	20.4218	3.7961
19/07/11	50.5	5.5684	0.544241	13.2965	3.1465
01/08/11	2	12.57736	4.925869	8.0794	12.3221
01/08/11	10	14.19298	5.037133	3.5728	11.977
01/08/11	25	7.99798	0.956867	9.6831	3.5728
01/08/11	50	8.24348	1.149831	9.6628	2.9638
08/08/11	2	23.50734	50.142008	61.9759	234.9319
08/08/11	10	15.26214	19.267699	49.8974	55.3581
08/08/11	25	13.63654	11.373304	42.7315	26.2885
08/08/11	50	13.629	11.218836	39.7271	23.5886
15/08/11	2	17.14742	25.591961	22.8984	30.2267
15/08/11	10	17.41478	24.067299	19.5692	28.623
22/08/11	2	13.14204	15.170727	26.4103	47.908
22/08/11	10	10.42592	21.192885	46.284	44.1322
30/08/11	2	27.47268	38.570699	10.6981	21.7007
30/08/11	10	27.18532	37.074089	10.4342	19.1023
15/09/11	2	14.1542	25.924715	18.8993	62.9909
15/09/11	10	14.48234	26.209144	30.5312	57.2866
19/09/11	2	15.21244	21.328611	26.6336	41.1887
19/09/11	10	15.5175	21.364457	28.8869	42.9142
26/09/11	2	23.78808	28.969549	55.0333	57.8753
26/09/11	10	22.24484	29.233612	55.6017	54.0386
12/10/11	2	16.77724	30.747469	28.217	25.6389
12/10/11	10.8	16.01722	27.690651	23.6292	21.3759
12/10/11	24.5	11.78222	9.577149	23.345	7.6328
12/10/11	51.1	10.32522	5.177736	20.5639	4.5675
17/10/11	2	12.95304	23.261421	23.8728	19.5692
17/10/11	11	12.49748	23.73337	22.7969	22.4518
17/10/11	26.1	12.06882	15.844649	21.6601	12.8093
17/10/11	51.2	10.01068	6.558372	20.2391	3.0856
25/10/11	2	14.64722	12.420239	29.1508	9.9876
25/10/11	10	14.69152	11.720972	17.5798	9.5613
01/11/11	2	11.8907	13.110103	23.3653	15.4077
01/11/11	10	11.40386	12.684713	25.0908	15.3671
01/11/11	25	10.46072	12.600306	34.7536	14.4739
01/11/11	50	8.7274	7.073355	29.2726	8.526
08/11/11	1.4	11.54266	6.896045	14.7378	7.9576
08/11/11	10	10.85502	8.455441	15.8543	8.0591
08/11/11	24.8	10.7222	8.635174	14.5957	8.2621
08/11/11	50.1	10.8945	9.117662	15.3265	8.6275
16/11/11	1.3	9.19726	9.836725	15.8746	10.2312
16/11/11	10.1	9.49946	9.340055	16.5242	10.8605
16/11/11	25.5	9.4546	9.047423	17.7016	8.8305
16/11/11	49.6	8.95812	8.880103	15.2453	9.2771
21/11/11	1.6	10.0238	10.345608	24.4818	13.9461
21/11/11	10.3	10.20046	9.921899	23.1623	13.3371
21/11/11	24.9	9.98888	10.154545	20.4218	12.1191
21/11/11	50.4	10.06228	10.006783	23.1014	12.3221
19/12/11	1.6	9.0841	7.127869	29.3538	6.0291
19/12/11	10.6	8.4585	6.34155	25.0908	6.4148
19/12/11	25.3	8.68994	6.865122	22.4518	6.4351
19/12/11	50.2	8.86112	6.839532	22.3503	6.6381
09/01/12	1.4	6.1566	9.284687	11.9161	9.3177
09/01/12	10	6.45192	9.265331	11.2462	8.4245
09/01/12	24.8	6.5861	3.894193	9.1147	3.8976
09/01/12	49.7	6.52514	3.723907	8.7087	4.1818
16/01/12	1.6	8.09098	8.439451	12.8296	7.3689
16/01/12	9.7	7.89668	8.706325	13.7228	7.3689
16/01/12	24.9	8.63832	8.719401	13.5807	7.917
16/01/12	50	8.22166	8.835441	13.7228	7.0441
23/01/12	1.8	7.33496	8.775264	7.2471	4.9735
23/01/12	10.1	7.12216	9.114183	6.6178	4.9329
23/01/12	26	7.61604	9.059313	7.0441	5.2983
23/01/12	49.5	7.64622	9.366997	7.6328	4.8314
30/01/12	1.9	7.41408	7.154858	13.5807	3.654
30/01/12	10.8	7.07626	7.069786	13.7634	4.8517
30/01/12	25.1	6.91674	7.116031	11.7131	3.857
30/01/12	49	6.77718	7.385403	14.0273	3.7961
07/02/12	1.9	7.0293	8.371833	12.0785	7.1456
07/02/12	10.7	6.8449	8.166128	12.0582	6.9426
07/02/12	25.8	6.73388	8.219825	12.18	7.0847
07/02/12	51.2	6.71124	8.046393	12.3221	6.8005
13/02/12	1.3	6.50012	7.677765	11.9567	10.4545
13/02/12	10	6.35154	6.960874	11.3477	9.5207
13/02/12	25.2	6.4367	6.972176	11.5507	9.9876
13/02/12	50.5	6.19378	6.515085	10.7793	11.165
20/02/12	1.9	6.37618	14.148835	6.6584	15.6513
20/02/12	10.2	6.2993	14.751733	6.7599	17.2753
20/02/12	25	6.4813	10.786576	5.887	12.8093
20/02/12	50.1	6.7496	8.430469	6.1509	9.9673
27/02/12	1.1	8.82778	26.722922	5.9682	14.5348
27/02/12	9.9	8.97906	27.628376	6.4757	14.8596
27/02/12	25.1	9.11948	17.011141	5.5419	12.7078
27/02/12	50.5	9.11136	13.899761	5.7246	10.4951
06/03/12	1.2	6.5186	15.966157	22.2082	42.8939
06/03/12	10	6.50944	16.704589	22.9593	47.3396
06/03/12	24.7	6.50832	16.790961	25.0502	41.8992
06/03/12	49.6	7.6346	6.833881	14.1288	10.6575
13/03/12	1.8	7.67266	6.936643	18.3512	13.5807
13/03/12	10.3	7.11694	7.149356	15.1032	13.6213
13/03/12	25.1	7.06952	6.897923	15.2859	10.8808
13/03/12	50	7.41858	6.983919	17.3362	12.0379
19/03/12	1.8	8.63274	20.439697	30.2267	54.3228
19/03/12	10	8.55074	20.872985	29.4553	51.1763
19/03/12	25.2	7.11194	12.371478	27.7095	34.8145
19/03/12	50	6.5511	4.450709	22.4721	11.3883
26/03/12	1.9	9.61674	11.043814	22.7157	22.7969
26/03/12	9.3	9.51566	11.243525	21.3759	21.1932
26/03/12	25.7	9.7505	11.508719	21.924	20.1376
26/03/12	49.5	9.66316	11.661094	22.7969	19.5692
11/04/12	2	14.9908	19.140668	17.9249	20.1782
11/04/12	11.4	15.3246	19.866843	17.9249	22.736
11/04/12	25.1	14.52192	18.458389	24.9893	18.5136
11/04/12	50.8	12.96952	4.529427	20.1579	10.4545
16/04/12	1.3	4.09432	1.234774	158.5227	26.8975
16/04/12	9.9	3.25122	0.993283	121.9624	32.277
16/04/12	25.1	8.57518	1.20976	190.414	44.8427
16/04/12	50	5.83278	0.938246	220.1332	49.0651
24/04/12	1.3	22.90548	1.276768	27.5877	5.6231
24/04/12	10.4	22.35796	1.325022	26.4712	4.7705
24/04/12	25.3	21.76824	1.258717	25.578	6.4351
24/04/12	50.4	13.61994	0.399886	26.3697	5.5419
01/05/12	1.3	28.83798	6.168575	25.3141	5.6637
01/05/12	9.8	28.48908	6.375986	20.0767	4.06
01/05/12	25.2	27.0096	6.210682	25.7201	5.3389
01/05/12	50.2	28.63256	11.962231	0	30.0034
08/05/12	1.5	12.74606	7.565217	13.8852	4.3848
08/05/12	10.3	NA	5.204722	20.8887	4.2427
08/05/12	25	10.71638	4.652329	12.4845	4.7705
08/05/12	50.8	10.30114	4.542343	11.5913	4.5878
14/05/12	1.8	7.12756	7.492377	17.3159	34.713
14/05/12	9.8	7.17872	7.321717	18.8181	35.0987
14/05/12	25.4	8.312	1.040876	32.3785	7.9373
14/05/12	50.3	6.78374	1.180758	32.2364	7.9982
21/05/12	1.6	8.96884	4.948024	24.8878	16.0979
21/05/12	9.8	7.61736	3.962564	25.0908	17.9655
21/05/12	25.1	8.65364	2.003319	28.826	14.819
21/05/12	50.2	8.78532	1.15014	31.6883	9.2568
28/05/12	1.9	11.41348	9.90394	40.3564	24.7457
28/05/12	10.3	16.1165	13.371204	81.5857	23.9134
28/05/12	24.9	28.53752	7.009371	96.5468	34.4085
28/05/12	50.3	18.35184	3.438959	104.9307	21.7819
11/06/12	1	7.14748	2.480318	153.4883	40.7624
11/06/12	10.3	4.08044	2.667977	167.8404	33.8401
11/06/12	25	4.68242	1.661298	147.8652	17.5798
11/06/12	49.6	5.98774	1.317943	144.13	10.9823
18/06/12	1.9	18.10864	4.001979	84.5698	23.548
18/06/12	9.4	17.92058	4.376709	77.4648	15.8543
18/06/12	24.9	18.57762	1.819507	87.3306	18.5948
18/06/12	49.9	16.75228	0.245596	54.9115	5.7449
25/06/12	2	20.20264	5.250385	72.3898	24.8472
25/06/12	10.4	13.856	1.602306	58.6061	21.9037
25/06/12	25.7	16.39986	1.000614	69.8726	10.7996
25/06/12	49.8	11.95784	0.329369	72.6537	3.4104
02/07/12	2.9	9.36832	1.676351	28.5215	6.2727
02/07/12	10.5	9.70306	1.557648	26.6945	4.4457
02/07/12	25.1	9.1846	1.025889	31.9928	3.1871
02/07/12	49.6	9.84058	0.255586	24.9284	1.3804
09/07/12	1.7	33.26588	6.383232	46.2637	38.0422
09/07/12	10.3	28.93692	5.252381	43.2796	32.886
09/07/12	25.3	15.21366	0.618366	54.1807	6.2118
09/07/12	50.3	15.03334	0.578742	49.0042	3.7555
23/07/12	1.7	26.04578	6.719364	33.1499	54.4649
23/07/12	9.7	18.42182	5.866862	23.2029	47.5223
23/07/12	25	18.20854	1.756922	18.1685	11.4695
23/07/12	50.4	17.05576	1.605302	15.428	11.6725
30/07/12	2.2	22.09078	9.28856	14.3724	19.0211
30/07/12	10.4	22.6397	6.990627	17.8437	16.9302
30/07/12	26.1	19.08834	1.935626	69.832	7.6125
30/07/12	50.6	18.92876	1.484126	68.5531	6.1103
06/08/12	1.7	19.61874	4.292721	12.1191	7.4501
06/08/12	10	16.56952	3.221925	17.052	7.4907
06/08/12	25.3	12.81752	1.229452	21.9037	4.5472
06/08/12	50.9	13.45638	0.959269	24.4209	2.8014
14/08/12	2.2	18.46816	8.291083	25.8216	24.2585
14/08/12	9.8	17.2286	7.995331	27.202	20.5639
14/08/12	27	12.62176	2.20871	50.9327	5.4404
14/08/12	49.3	11.7735	0.863617	60.8391	2.03
20/08/12	2.2	13.5532	12.009797	106.7577	29.4756
20/08/12	10.2	11.58756	5.400538	107.6509	25.2532
20/08/12	25.1	11.00708	1.615194	82.4789	7.0441
20/08/12	54	9.67522	0.624949	44.4367	2.5172
03/09/12	1.9	21.13412	37.462521	53.2875	36.2355
03/09/12	10.2	18.38512	30.759742	40.7218	30.5109
03/09/12	24.7	12.55204	7.188809	26.9584	10.4951
03/09/12	50.3	12.7783	5.368474	24.5427	8.4245
10/09/12	2.8	18.21258	34.420899	39.3008	28.6636
10/09/12	10.5	17.6581	35.360668	31.7695	26.4712
10/09/12	25.4	11.69044	9.84573	27.5877	16.3009
10/09/12	51.4	NA	7.233777	20.4624	11.6928
17/09/12	0.9	16.85684	16.2794	79.1294	44.3149
17/09/12	9.8	16.92162	16.890298	77.4648	46.9945
17/09/12	25.2	16.23556	16.393213	74.1762	46.9742
17/09/12	50.2	12.28988	1.20857	30.9372	4.7705
26/09/12	2	24.54106	16.195461	28.6636	38.9557
26/09/12	25	24.28838	16.197421	31.4447	34.5506
26/09/12	50	22.41132	4.833715	34.6318	22.1473
15/10/12	1.1	18.7491	32.349215	26.1464	27.4862
15/10/12	9.9	18.26642	31.591563	27.3847	27.0802
15/10/12	25.3	16.31986	5.088231	23.9134	10.3124
15/10/12	49.7	16.2196	5.096232	24.36	10.9417
22/10/12	1.1	18.14292	16.108494	16.1182	13.7025
22/10/12	10.3	17.72164	16.981008	15.9964	12.8093
22/10/12	25.4	17.72644	18.147231	14.9002	13.2356
22/10/12	50.2	17.67568	18.784065	19.4677	13.601
30/10/12	1.6	20.11442	14.877313	29.9222	14.8799
30/10/12	10.1	19.6624	14.553341	25.6795	13.0123
30/10/12	25.1	18.85202	14.1084	25.0908	12.3221
30/10/12	50.2	19.74182	14.563201	28.3185	11.6116
07/11/12	2.3	17.93616	21.083427	19.2444	12.8905
07/11/12	10.1	17.63854	20.432198	17.9655	12.4439
07/11/12	25.2	17.0357	15.944223	15.8949	9.4395
07/11/12	50.4	16.9809	14.702376	17.7219	8.0185
14/11/12	1.5	16.8103	12.640802	23.1217	14.5551
14/11/12	9.1	17.1047	13.02656	23.4465	14.413
14/11/12	25.3	17.08204	12.858665	23.751	13.5198
14/11/12	50.9	17.0765	13.287508	23.8728	13.0732
28/11/12	1.4	12.73726	5.722621	19.4068	7.8764
28/11/12	10.2	11.92022	6.604819	18.3106	7.308
28/11/12	25	11.43778	5.171336	18.9805	5.5216
28/11/12	49.8	11.14392	5.480667	18.0061	5.0547
05/12/12	1.8	11.67128	7.230727	26.5727	12.8702
05/12/12	10.2	12.31018	7.437891	27.6892	12.8702
05/12/12	25.6	12.0679	7.791719	27.3847	14.1897
05/12/12	50.1	11.90098	7.82637	28.3388	15.7934
10/12/12	1.4	13.95094	15.609618	22.8578	18.676
10/12/12	10.4	13.28014	15.527465	19.3865	19.7925
10/12/12	25.1	12.03942	12.517156	19.5895	16.1994
10/12/12	50.4	12.1929	7.87933	19.1835	16.1588
18/12/12	2	12.65442	9.518523	25.6592	19.5083
18/12/12	10	12.4589	9.979311	23.4262	20.7263
18/12/12	25	12.3429	10.665763	20.503	21.2541
18/12/12	50	11.83784	10.321143	21.3556	20.3406
14/01/13	1.1	13.46276	7.016001	7.2268	12.6063
14/01/13	9.9	13.87716	7.004458	8.4042	11.1447
14/01/13	25.4	14.16444	7.236081	8.0997	11.8146
14/01/13	50.4	13.89772	7.305981	8.932	11.8146
21/01/13	2.2	15.77438	6.413859	9.4801	13.3371
21/01/13	9.8	15.75952	6.370418	10.2109	12.1191
21/01/13	25.2	14.93088	6.554851	19.6707	12.8702
21/01/13	50.6	16.23456	6.224993	12.9108	11.5913
11/02/13	1	15.14306	11.995278	12.5454	19.4068
11/02/13	9.7	13.99076	9.455829	9.6425	12.5657
11/02/13	24.7	13.7925	6.493424	10.2312	9.4395
11/02/13	50.2	13.57804	7.284031	9.1553	10.3327
19/02/13	2.3	7.76548	10.082418	12.586	24.8066
19/02/13	10.6	7.55702	10.407012	12.1191	23.2029
19/02/13	26	7.13166	9.347001	11.8146	23.1623
19/02/13	49.9	6.60316	7.600849	12.0176	21.2744
25/02/13	1.4	8.52882	7.62085	15.2453	19.9549
25/02/13	10.1	8.39178	7.636593	14.7175	19.1023
25/02/13	24.8	8.22782	7.336456	13.0123	19.3662
25/02/13	50.2	8.27664	7.209229	14.6972	18.5745
13/03/13	1.3	9.96028	11.773288	16.0979	45.1472
13/03/13	10.3	9.09784	12.212958	12.9717	49.2681
13/03/13	25.4	9.0871	12.142548	15.8543	46.9945
13/03/13	50.3	8.90144	12.753621	14.1085	47.3599
19/03/13	1	10.80722	24.427457	13.4792	46.3652
19/03/13	10	10.38002	28.632151	13.0326	64.0465
19/03/13	25	10.04794	15.686394	16.2806	37.1693
19/03/13	50.1	9.60648	9.404342	17.1738	20.6045
25/03/13	1.5	10.99458	12.161069	16.4633	29.2929
25/03/13	10.1	10.92134	12.596193	15.8949	31.7086
25/03/13	26.2	10.80318	12.571073	15.4686	29.9628
25/03/13	52.1	10.59772	14.416759	15.1032	31.9116
03/04/13	1.4	NA	8.697627	21.8834	17.9858
03/04/13	10.1	NA	8.902428	19.9955	16.6257
03/04/13	25.5	NA	8.595776	19.8331	16.1588
03/04/13	50.1	NA	9.046212	21.8022	16.8084
09/04/13	1.8	8.7635	8.926563	17.3768	24.6036
09/04/13	10.2	8.76248	9.138935	17.0926	25.4156
09/04/13	24.8	8.8568	9.627574	16.9708	25.6389
09/04/13	50.3	9.19744	11.50219	18.9399	33.089
17/04/13	1.6	5.99106	8.101162	13.2559	21.6195
17/04/13	11.3	6.02226	9.008394	14.2709	20.2594
17/04/13	26	7.82124	7.155059	16.6866	22.0458
17/04/13	50.1	7.94348	7.130475	17.6001	19.8331
22/04/13	1.4	10.66548	22.295391	14.5348	22.9593
22/04/13	10.2	8.2112	17.4392	12.8499	24.4818
22/04/13	25.1	8.68152	9.06409	21.8631	13.3371
22/04/13	50	9.0801	5.469085	23.548	8.9726
29/04/13	1.8	9.34248	14.276857	20.1173	28.0343
29/04/13	10.4	8.54242	12.168171	20.3609	31.4447
29/04/13	25	8.38648	10.944086	20.503	30.3688
29/04/13	50.3	8.45784	11.246794	25.2329	31.3229
07/05/13	1.6	7.99008	14.569903	23.5886	70.7658
07/05/13	9.9	7.90652	17.164303	21.0105	71.1718
07/05/13	25.1	8.80778	14.646005	17.0723	35.1596
07/05/13	50.3	8.99516	12.789214	29.7598	35.6062
15/05/13	2	7.73036	1.987514	26.4915	19.1835
15/05/13	10.1	8.07616	1.90441	20.7263	18.7166
15/05/13	24.8	7.94742	1.970755	24.0149	17.9249
15/05/13	50.3	10.44984	1.095703	42.6097	16.4633
20/05/13	2	12.61116	9.989378	55.825	132.3763
20/05/13	10	11.32104	8.342208	51.6635	112.7259
20/05/13	25	8.5117	1.159008	78.7031	36.2558
20/05/13	50	14.20036	0.336561	104.0578	19.4474
29/05/13	0.8	21.35756	3.878298	61.509	12.8499
29/05/13	10	22.00942	3.19837	63.5796	12.1191
29/05/13	25.1	21.10294	2.270999	63.1736	11.977
29/05/13	49.7	20.49708	2.34481	67.5381	10.5763
03/06/13	1.8	20.78992	18.48736	60.6564	16.8896
03/06/13	10.7	20.95036	18.889749	59.682	18.0467
03/06/13	25.4	21.98578	2.353694	89.5027	11.0229
03/06/13	50.3	22.87232	2.402872	96.0393	12.3221
10/06/13	1.9	8.28638	6.598688	24.1773	17.9655
10/06/13	10.4	9.2094	7.198096	28.217	18.3715
10/06/13	25.2	9.2535	6.590384	29.7801	19.691
10/06/13	50.7	14.18844	8.791115	60.3113	34.8957
17/06/13	2	29.47658	12.706455	49.6944	11.2665
17/06/13	10.2	28.57708	12.282961	48.8012	12.9311
17/06/13	26	28.19444	12.506636	46.6697	12.3221
17/06/13	49.7	28.73492	1.669677	42.7315	6.3336
24/06/13	2.6	34.94786	34.669976	67.2539	29.6989
24/06/13	10.4	35.41654	33.498493	71.2936	26.9584
24/06/13	24.8	34.25418	32.145076	76.1859	47.7659
24/06/13	49.6	38.72738	2.411759	122.6323	20.8075
01/07/13	2	57.33788	66.393763	21.9849	29.9222
01/07/13	10	58.31494	91.892388	28.8666	49.5929
01/07/13	25	26.47368	7.575882	42.1834	3.7961
01/07/13	50	27.3656	6.070481	40.5188	3.1668
08/07/13	2	27.26924	6.896249	13.8243	59.9256
08/07/13	10	18.01488	5.824073	21.4165	61.9556
08/07/13	25	15.96074	2.789279	71.9026	17.661
08/07/13	50	14.37584	2.105306	58.6873	16.9099
15/07/13	1.6	21.79326	7.251038	26.796	50.4861
15/07/13	9.9	24.8605	9.458349	36.3776	58.8294
15/07/13	25	29.77494	4.08892	71.0297	9.0944
15/07/13	50.1	27.50526	3.285439	75.0085	7.3486
22/07/13	1.3	15.71896	7.850128	40.9045	61.4075
22/07/13	10.1	17.33098	7.950532	46.6494	60.8594
22/07/13	24.9	18.66884	10.144457	49.3493	61.509
22/07/13	50.4	15.91336	5.433428	38.9557	23.4871
30/07/13	1.5	17.3351	26.403682	46.7712	60.6158
30/07/13	9.8	15.16808	19.476627	41.1278	69.1012
30/07/13	25.2	11.54014	2.504169	32.2567	13.5807
30/07/13	51.1	12.98806	1.42627	31.6274	8.2215
06/08/13	1.6	12.28912	13.170264	34.0837	77.2415
06/08/13	10	11.83434	13.149734	29.7395	82.824
06/08/13	25.1	11.82786	8.658073	32.074	72.5116
06/08/13	49.8	12.22904	1.009399	39.788	10.5966
12/08/13	1.9	17.56542	22.374923	56.9415	118.349
12/08/13	10.1	15.3939	12.00575	57.5708	93.583
12/08/13	25	10.68906	2.270213	40.7015	19.0617
12/08/13	49.7	11.4514	1.815808	37.3926	16.8287
19/08/13	2	14.93314	4.033796	26.7554	30.1252
19/08/13	10	14.30704	3.719618	29.029	30.6327
19/08/13	25	18.77996	10.496002	25.6592	18.2091
19/08/13	50	12.339	2.698712	32.0537	19.0414
27/08/13	1.9	14.3841	34.32866	61.4481	82.3571
27/08/13	10.2	19.10408	41.481459	59.9865	66.6855
27/08/13	25	14.9521	29.378811	49.9583	50.1004
27/08/13	50	10.79824	6.314672	52.8003	17.3362
02/09/13	1.5	26.86462	46.559078	42.4473	54.0386
02/09/13	10	23.84976	37.029927	45.472	60.5549
02/09/13	25	13.80158	9.294547	41.7165	23.751
02/09/13	50.1	15.55204	19.913488	45.4923	13.5401
09/09/13	1.3	19.56538	24.821408	73.9123	73.1206
09/09/13	10.4	19.18016	24.055322	78.3174	65.7923
09/09/13	25	10.89636	3.804016	45.3705	15.2047
09/09/13	50.7	10.06792	3.09512	42.5082	13.5198
23/09/13	2	17.69984	6.828902	36.1949	30.0846
23/09/13	9.9	17.8242	6.891108	27.5268	18.1279
23/09/13	26	17.58544	5.90481	28.7651	19.4271
23/09/13	50.6	15.03818	3.908847	27.0599	15.7934
30/09/13	1.5	16.3511	11.06695	23.1014	9.1756
30/09/13	10.1	18.00156	11.421797	26.7757	10.353
30/09/13	25.1	19.0327	10.53851	34.916	8.7493
30/09/13	50	17.64034	9.648307	29.6989	7.4298
07/10/13	2.3	17.02092	33.236921	31.6477	20.4624
07/10/13	10	16.52568	16.199355	37.4535	18.1279
07/10/13	24.9	13.18972	7.394703	33.495	13.8446
07/10/13	50.4	11.91506	5.297164	31.8507	11.4289
14/10/13	1.2	15.25172	20.344646	39.0775	24.4615
14/10/13	10.2	14.71676	20.03958	33.9822	23.2029
14/10/13	25.2	13.89076	7.719676	30.3485	15.0626
14/10/13	50.2	15.83716	2.964431	31.1605	17.8031
30/10/13	2	18.88162	5.957554	38.7121	22.6954
30/10/13	9.9	17.4652	7.265928	32.5206	25.2532
30/10/13	25.4	16.41888	4.634625	33.9213	13.7837
30/10/13	50	16.76938	1.582161	30.5921	10.556
04/11/13	2.1	15.24688	4.123859	30.5921	11.9567
04/11/13	10.4	14.60642	5.060336	23.1217	13.8649
04/11/13	25.2	15.00314	5.461393	20.3406	13.398
04/11/13	49.9	16.15246	5.332519	22.5736	14.3521
11/11/13	1.6	14.10114	10.767507	31.4447	12.4236
11/11/13	10.4	13.4742	11.282815	28.826	13.6619
11/11/13	26.1	12.04588	4.444274	36.2355	9.6628
11/11/13	50.5	11.57044	2.984748	31.1808	6.6584
18/11/13	1.1	11.81092	9.963886	60.9609	8.4448
18/11/13	10.1	11.67466	9.746398	56.3325	7.5719
18/11/13	25	10.84574	3.399102	51.3996	4.263
18/11/13	50.1	12.0948	3.627477	69.3042	4.2833
25/11/13	1.7	8.95102	6.441389	26.6336	9.7034
25/11/13	9.5	9.13774	6.409525	25.9028	10.0282
25/11/13	26.2	9.30244	6.60771	27.2629	10.1094
25/11/13	51	9.1657	6.461649	28.4809	10.2718
02/12/13	1.7	9.78822	7.494054	14.1288	9.8049
02/12/13	10.1	10.30106	7.816828	19.3256	10.9417
02/12/13	24.9	10.78482	7.871054	15.9355	10.9417
02/12/13	49.8	10.76756	5.962278	18.8993	9.6222
09/12/13	1.5	10.67088	10.322633	16.4836	9.3177
09/12/13	9.8	10.56202	10.554784	16.3618	9.4598
09/12/13	25.2	10.51188	10.337664	15.4686	10.1703
09/12/13	50.2	10.24916	5.729256	15.631	6.7193
17/12/13	1.4	10.21332	8.845282	13.6213	12.7281
17/12/13	10.1	8.9016	8.633499	13.3574	12.6469
17/12/13	25	8.11852	8.316443	10.9823	12.2409
17/12/13	50.4	8.17566	8.000793	12.0176	12.7281
14/01/14	2.1	5.7348	4.193296	12.0582	7.6328
14/01/14	10.6	5.4807	4.077123	10.9011	6.8208
14/01/14	25.3	5.6553	3.553266	12.2612	6.9223
14/01/14	50.8	5.56654	3.305796	11.774	6.7599
20/01/14	1.2	9.59964	5.134554	23.7104	9.8049
20/01/14	10.4	7.2271	6.597233	12.2612	11.2259
20/01/14	25.2	7.51348	4.334068	21.0511	6.8005
20/01/14	50.3	7.19822	4.433669	12.8093	6.6381
29/01/14	0.8	6.95962	6.943144	9.3989	7.0035
29/01/14	10	7.60992	7.924561	9.947	8.1403
29/01/14	25.4	6.8388	8.036395	9.6222	8.2621
29/01/14	49.5	7.09252	8.098294	9.5004	8.932
10/02/14	1.8	10.322	3.449379	20.5233	5.0953
10/02/14	10.1	10.49128	3.738588	20.4218	5.8261
10/02/14	25	10.16234	3.568022	17.9655	5.3186
10/02/14	50.1	9.66164	3.559754	18.5136	5.3592
18/02/14	1.3	9.24812	2.729368	16.0776	2.3954
18/02/14	10.1	9.52184	2.696185	16.0776	2.7608
18/02/14	25.4	9.454	2.627731	14.21	2.0097
18/02/14	50.1	9.36462	2.647509	15.5092	2.6187
05/03/14	2	8.23574	4.421021	13.8852	4.466
05/03/14	10	7.7686	4.347077	12.8499	4.263
05/03/14	25	7.22384	3.50062	13.4386	3.4307
05/03/14	50	7.986	3.642899	13.0732	3.6743
11/03/14	1.2	7.76096	9.069376	13.8446	13.0529
11/03/14	10.1	7.7435	8.613276	13.0935	13.0935
11/03/14	25.6	7.9094	9.349164	13.3777	13.0935
11/03/14	50.2	7.65388	4.643411	16.1182	8.8102
17/03/14	1.5	9.78582	34.630029	12.2003	35.2611
17/03/14	10.3	10.10594	27.731839	12.0785	30.5718
17/03/14	25.6	9.80544	8.240743	11.4898	9.4598
17/03/14	50.6	9.76594	8.259055	11.1041	9.4801
25/03/14	1.3	8.15042	18.37148	11.6319	18.8993
25/03/14	10.6	8.20554	18.02935	14.2506	20.9699
25/03/14	25	8.0552	16.868938	13.4386	16.4633
25/03/14	50.9	8.38308	17.693068	14.3927	19.0617
31/03/14	1.1	6.12128	7.42129	13.9258	13.1544
31/03/14	9.9	5.91438	7.249432	14.4942	12.2612
31/03/14	25.2	6.0721	7.233182	14.4942	13.2356
31/03/14	49.9	6.79098	8.044899	14.9205	12.6469
09/04/14	1.1	19.11096	19.301214	3.857	20.3406
09/04/14	10.2	18.75696	19.200373	3.9382	22.1067
09/04/14	25.4	14.5317	10.880382	4.5675	22.3503
09/04/14	50.5	11.55374	3.697847	5.075	11.0635
14/04/14	1.3	NA	10.465825	18.6557	48.1313
14/04/14	10.2	10.10344	8.623872	12.7281	39.3617
14/04/14	25.1	10.68614	7.006752	14.0476	13.6822
14/04/14	50	11.9335	3.602657	11.8755	8.4854
22/04/14	1.5	15.0405	7.179032	16.5445	9.2974
22/04/14	10.1	14.85454	7.150945	16.3415	8.6884
22/04/14	25.2	14.3541	6.313929	14.8799	8.5869
22/04/14	49.9	14.8046	6.071046	14.9814	8.0388
28/04/14	1.4	11.45718	12.596862	15.2859	41.3511
28/04/14	9.8	11.35814	13.131278	14.6566	42.7518
28/04/14	25	14.6926	11.22268	18.2294	35.6062
28/04/14	49.9	14.82668	10.692911	19.5895	39.0166
06/05/14	1.6	11.86266	3.000237	53.2266	40.6609
06/05/14	10.3	11.39382	3.360545	49.8771	48.0704
06/05/14	24.8	9.67316	1.06825	51.2981	25.1314
06/05/14	50.1	10.8562	0.890473	63.742	33.0484
12/05/14	1.8	15.00908	1.956279	25.1111	8.12
12/05/14	10.5	15.10406	1.899756	28.7042	6.496
12/05/14	24.4	14.77072	2.074654	26.3088	7.9373
12/05/14	49.2	14.50922	2.176987	25.2329	8.6478
19/05/14	0.9	27.74942	6.530345	32.1349	9.6628
19/05/14	10.1	23.94888	3.343117	39.2805	20.3812
19/05/14	25	26.9641	2.092417	52.2928	33.1702
19/05/14	49.9	28.46798	2.445052	61.8947	32.0334
02/06/14	2	18.88736	21.700388	12.5251	13.9258
02/06/14	10	20.54916	21.333419	12.1394	11.8755
02/06/14	25	17.27704	1.515305	21.6398	5.5825
02/06/14	50	16.73278	0.724226	31.5056	4.1412
09/06/14	2	12.56664	21.930307	31.8507	53.5108
09/06/14	10	10.64836	21.042658	31.1402	52.983
09/06/14	25	21.62912	11.227698	36.743	10.6169
09/06/14	50	14.1819	0.995023	71.4154	2.2736
16/06/14	2	15.25264	10.731091	26.6336	43.2187
16/06/14	10	13.8826	10.441042	46.4058	65.6502
16/06/14	25	13.43622	1.589986	59.9256	17.6813
16/06/14	50	13.9958	1.380566	61.8135	13.1341
23/06/14	2	34.28518	NA	31.2214	34.3882
23/06/14	10	25.19918	15.26094	20.8887	22.1067
23/06/14	25	15.14714	NA	40.2752	11.4492
23/06/14	50	13.92166	0.305601	25.4359	3.3698
30/06/14	0.9	44.56924	23.138366	35.7889	14.819
30/06/14	10	30.77086	10.435089	27.0193	14.5551
30/06/14	25.2	20.3139	1.576077	31.8101	6.6787
30/06/14	49.8	19.13572	0.488625	20.8278	3.2683
07/07/14	1.2	20.5978	9.135665	35.2814	46.1825
07/07/14	10.4	21.0002	9.21498	37.4941	44.9239
07/07/14	25.2	29.36068	4.442123	22.0255	13.0732
07/07/14	50.1	25.45766	0.292212	34.3476	2.8014
14/07/14	1.8	27.54356	21.730292	25.7607	13.4183
14/07/14	9.9	34.83168	27.796728	29.232	15.1438
14/07/14	25.3	14.60928	3.414734	52.4958	4.4863
14/07/14	49.9	14.6929	1.811686	61.8541	2.9232
21/07/14	2	18.9578	5.891889	41.3511	69.7102
21/07/14	10	19.79988	7.708726	53.1048	68.1674
21/07/14	25	12.34626	3.153513	57.1039	20.9496
21/07/14	50	14.25872	1.14338	50.1004	5.5825
28/07/14	2	32.7518	23.801789	40.5797	84.5292
28/07/14	10	32.42222	29.637838	72.7146	31.6274
28/07/14	25	18.73426	7.993655	34.4288	9.9064
28/07/14	50	20.91256	2.945932	36.6415	5.2374
04/08/14	2	28.55764	19.841856	39.9707	61.509
04/08/14	10	24.87454	19.962743	39.1993	61.2045
04/08/14	25	23.15956	30.701995	30.9169	105.1946
04/08/14	50	NA	1.466661	37.2911	7.4298
18/08/14	1.3	29.43026	58.100196	46.487	116.5017
18/08/14	10.2	19.52668	58.365958	50.0598	117.5167
18/08/14	25.5	20.37762	12.289616	28.0749	22.0052
18/08/14	50.2	20.24378	11.388417	26.9584	19.0008
26/08/14	1.6	38.36862	39.758719	56.9821	41.4323
26/08/14	10.3	38.46596	40.075067	57.9565	40.0113
26/08/14	24.9	32.67896	28.751862	39.585	16.7069
26/08/14	50.3	23.0498	8.295737	25.6998	4.8314
01/09/14	1.1	24.28762	44.801663	57.5911	322.2219
01/09/14	9.9	26.38054	53.91462	59.8038	324.3737
01/09/14	25.2	23.24456	6.987604	41.412	30.653
01/09/14	50.3	22.1312	4.453303	37.3723	17.4986
08/09/14	1.4	28.86718	33.913887	48.1516	107.7524
08/09/14	10.1	29.06658	36.987453	46.3652	106.5344
08/09/14	25.1	24.42118	20.07539	58.2813	58.9106
08/09/14	50.3	19.82	7.159918	39.179	23.6698
15/09/14	1.7	19.3071	11.633422	39.8489	30.2876
15/09/14	9.7	18.42474	10.960308	24.8878	41.5744
15/09/14	24.9	19.66494	11.229907	43.7871	41.006
15/09/14	50.4	20.9877	9.901941	38.7121	34.9769
22/09/14	1.2	41.00878	60.70179	22.3097	92.9537
22/09/14	10	42.04204	59.053383	21.7616	71.4966
22/09/14	25.3	21.7509	12.373826	15.3062	19.3053
22/09/14	50.3	22.28818	6.754621	12.6469	5.4607
29/09/14	1.5	19.68802	34.653831	42.8127	43.3608
29/09/14	10.1	19.34912	32.699228	41.7774	37.5956
29/09/14	25.2	19.4504	28.183342	45.2487	38.2249
29/09/14	50.1	20.2397	5.957841	49.4305	12.992
13/10/14	1.7	20.3889	12.703329	28.6839	7.6937
13/10/14	10.4	20.54418	13.252562	36.8851	8.932
13/10/14	25.4	19.60632	14.08497	36.3979	8.7899
13/10/14	49.4	15.7191	8.862257	11.8958	2.6593
22/10/14	2	16.99056	5.577482	29.029	7.7343
22/10/14	10	16.29862	5.161754	12.7484	6.902
22/10/14	25	16.7298	5.160682	23.7713	7.0847
22/10/14	50	17.09964	3.814535	16.8287	5.9276
28/10/14	1.5	17.51518	3.295196	14.4333	5.8464
28/10/14	10.4	17.60224	3.233437	13.3371	4.9126
28/10/14	25.3	17.9834	3.536218	24.7051	6.7802
28/10/14	49.6	17.83028	3.952454	25.2532	6.5772
05/11/14	1.3	18.77014	14.924648	20.7466	9.5613
05/11/14	10.4	19.28754	14.896105	26.0652	10.0282
05/11/14	25.3	19.58704	10.202464	29.5568	9.2974
05/11/14	50.7	20.29064	8.540268	18.9196	8.2621
17/11/14	1.8	18.78568	7.780121	31.1402	5.6637
17/11/14	10.4	16.45762	7.854815	26.39	7.0238
17/11/14	25.4	15.71752	7.840975	21.4571	6.5163
17/11/14	50.5	20.49188	7.2064	31.0996	5.6434
24/11/14	2.1	15.58582	4.848157	19.894	5.0344
24/11/14	15.4	16.33364	4.952961	32.2161	5.4201
24/11/14	25.5	16.04738	4.969378	26.0246	5.0344
24/11/14	50.7	16.34704	5.052495	15.3874	5.6231
02/12/14	1.6	16.27032	8.004273	17.661	7.0035
02/12/14	10.3	16.42548	8.145607	15.6919	6.5975
02/12/14	25.1	16.53024	8.193171	15.7325	6.3133
02/12/14	49.7	16.0347	8.403941	14.6363	11.5304
08/12/14	1.6	15.28832	11.556731	27.1411	8.4448
08/12/14	10.5	15.25654	11.962688	24.3803	8.8305
08/12/14	25.5	15.4399	11.657369	24.4615	8.7087
08/12/14	51.7	15.03214	11.239788	27.7704	9.3989
15/12/14	1.7	12.31644	8.547057	42.3458	6.5975
15/12/14	9.6	12.60626	8.671177	40.8842	6.3336
15/12/14	25.2	13.06952	8.606177	37.9001	5.7449
15/12/14	50.3	13.4539	8.635677	44.5382	5.3795
05/01/15	1.6	10.0286	8.42244	28.9884	6.0088
05/01/15	10.1	9.99766	8.306917	28.6839	5.8667
05/01/15	25.2	10.26398	8.73756	32.1755	6.1306
05/01/15	50.2	10.15928	8.940412	25.0502	6.9223
19/01/15	1.4	13.13688	8.425078	28.9884	6.7193
19/01/15	10.1	13.25954	8.30839	28.7042	6.699
19/01/15	24.7	13.1348	8.736241	30.5312	6.9832
19/01/15	50.1	13.5411	8.933817	25.0502	7.8967
27/01/15	1.6	12.65846	9.898433	12.5657	8.3027
27/01/15	9.9	12.85146	10.25216	13.6822	8.8711
27/01/15	25.1	13.17302	8.744662	11.7537	6.9223
27/01/15	50.3	13.55154	8.663982	10.7793	6.9832
02/02/15	1.5	12.06822	12.684122	15.9558	7.6937
02/02/15	10	12.2342	12.557599	15.834	8.2621
02/02/15	25	12.53348	12.774116	15.0423	7.7343
02/02/15	50.4	12.82244	12.73014	16.037	7.1456
09/02/15	1.5	9.05296	11.888775	9.8252	7.0847
09/02/15	9.9	9.1497	12.3555	10.353	7.3689
09/02/15	25.2	9.39258	12.398364	10.8605	7.308
09/02/15	49.9	9.45174	11.642396	10.4951	6.6381
16/02/15	1.4	6.73076	7.796806	12.2206	8.8305
16/02/15	10.4	6.64336	7.753246	11.6522	9.5816
16/02/15	25.1	6.29322	7.520016	11.774	10.4342
16/02/15	50.6	6.33202	7.318469	12.2409	11.2259
10/03/15	1.4	6.69106	6.368435	12.3221	11.3274
10/03/15	10	6.1096	4.601021	11.2056	10.8199
10/03/15	25	6.18074	4.12057	11.7537	10.3327
10/03/15	50	6.3116	4.270495	11.8146	8.9523
16/03/15	2.1	10.43924	1.875088	30.0034	9.1756
16/03/15	10	10.38914	1.894485	33.5356	9.2162
16/03/15	25.8	10.47246	1.921776	28.9681	9.2568
16/03/15	49.1	10.45142	1.929328	30.3282	9.4192
23/03/15	1.7	4.07806	1.292115	64.0262	12.8905
23/03/15	10	4.24974	1.34136	61.9556	12.7078
23/03/15	25	4.32342	1.28864	64.5337	14.6363
23/03/15	50.2	4.43984	1.370505	66.2592	12.9717
30/03/15	1.7	10.90478	3.241882	36.743	2.7608
30/03/15	10	10.85854	3.195469	38.3264	2.8217
30/03/15	24.8	10.8929	3.072802	37.3114	1.8473
30/03/15	49.8	12.22308	1.831734	45.3908	3.8367
07/04/15	1.5	12.90308	8.975578	40.3158	10.5357
07/04/15	9.9	12.92248	8.963326	41.6556	14.413
07/04/15	25.5	13.53778	8.597828	37.7783	14.7987
07/04/15	50.1	12.97538	9.017479	39.5444	16.1182
13/04/15	1.5	18.89532	48.780761	28.6839	29.5771
13/04/15	10	17.76176	44.569635	28.1561	14.5957
13/04/15	25	17.12556	37.217654	27.1005	14.2709
13/04/15	49.9	15.74776	14.768348	23.1217	11.0229
20/04/15	1.6	9.83056	4.125289	7.4501	2.7202
20/04/15	10.2	10.9772	4.46841	7.714	3.1668
20/04/15	25	12.07474	4.556355	6.902	4.8923
20/04/15	50	14.51282	5.962566	9.6019	6.6584
27/04/15	1.9	7.07832	5.865999	61.2451	11.2868
27/04/15	10.5	7.56386	5.332688	63.3969	12.4845
27/04/15	25.1	8.00002	1.708389	61.0015	7.7546
27/04/15	51	16.73718	2.879026	125.3119	4.5472
07/05/15	1.5	29.06756	14.643397	26.3697	14.2709
07/05/15	9.8	28.5201	14.165684	6.1509	14.9002
07/05/15	25.4	16.52256	6.262447	2.2127	4.4051
07/05/15	50	17.78614	6.546273	1.7661	5.5013
11/05/15	1.5	19.40904	21.182409	19.5489	7.8155
11/05/15	10	18.64156	20.069949	68.1268	7.8561
11/05/15	25.1	17.8045	2.9462	17.1535	6.8208
11/05/15	50.6	17.54004	2.695523	22.1676	7.2268
20/05/15	1.8	19.47848	16.261862	53.186	11.9973
20/05/15	11.4	19.3255	15.358595	51.6229	14.3115
20/05/15	25.3	14.11254	3.448377	58.9715	7.2471
20/05/15	51.2	14.17626	2.648467	68.2283	7.0238
03/06/15	1.6	41.34026	14.466261	32.9063	25.1923
03/06/15	10.8	41.79758	13.313328	30.45	22.4112
03/06/15	24.7	41.1585	12.89015	31.4853	23.4871
03/06/15	49.7	40.54472	12.855012	34.0025	24.1976
08/06/15	1.5	36.50066	19.060314	17.6204	53.0236
08/06/15	10.1	37.01722	19.975105	16.9505	51.156
08/06/15	25.6	37.01184	19.058325	16.8287	50.2628
08/06/15	50.3	24.80436	10.374195	44.6803	20.706
22/06/15	1.9	36.05202	9.110365	20.6654	14.21
22/06/15	10.1	34.95448	9.252817	19.8331	13.7431
22/06/15	24.8	21.13232	3.973502	37.1896	9.7237
22/06/15	50.6	20.88628	3.731241	37.4738	9.5207
29/06/15	1.7	22.88194	16.775207	4.872	11.9973
29/06/15	10.1	20.69778	11.096798	7.4501	12.6875
29/06/15	25.6	11.81142	0.438617	6.3539	16.1588
29/06/15	50.5	15.89146	0.531695	13.6822	9.3786
06/07/15	1.9	13.86662	6.60066	29.2726	21.5586
06/07/15	9.2	14.15978	7.023378	22.7969	20.4218
06/07/15	26.3	13.09174	1.218447	24.8472	3.8367
06/07/15	50.5	13.15378	0.786022	22.2082	3.3089
14/07/15	1.4	17.75476	32.86185	13.4386	17.7625
14/07/15	10	18.05868	32.174089	14.0273	18.8384
14/07/15	24.8	14.60114	12.880936	31.4244	16.9505
14/07/15	50.2	11.32324	1.575093	23.7916	3.9382
20/07/15	1.8	20.45016	18.960732	38.57	11.3883
20/07/15	10.7	23.19382	15.751547	54.3837	17.4986
20/07/15	25.8	11.98918	2.816248	44.4976	6.7396
20/07/15	49.2	11.9282	1.7955	76.7137	4.9735
28/07/15	1.8	13.8692	6.507141	21.2744	9.4395
28/07/15	10.5	12.9513	7.504795	12.586	13.4183
28/07/15	25.2	10.55598	3.576547	22.3503	6.6381
28/07/15	49.6	10.38452	0.749656	14.5957	3.654
10/08/15	1.4	53.78396	21.825969	24.1976	15.834
10/08/15	10.4	51.66976	20.273069	26.0855	14.4333
10/08/15	25.1	16.11266	2.85093	52.4146	4.0397
10/08/15	50.5	13.96114	1.800177	49.735	4.2021
17/08/15	2.3	66.96798	31.948106	50.344	20.8684
17/08/15	10.4	60.38206	30.960649	48.5779	23.8931
17/08/15	25	29.0714	2.500948	36.6212	2.9638
17/08/15	50.7	28.01722	2.120036	35.525	2.4563
24/08/15	1.7	47.71214	69.376301	45.6344	8.9523
24/08/15	10.3	47.55532	69.447091	38.8542	8.0997
24/08/15	24.9	28.72912	40.604166	79.8399	12.9108
24/08/15	50.2	19.00674	2.804196	29.7192	1.1774
07/09/15	1.4	19.70552	36.954549	67.0306	16.7272
07/09/15	10.2	19.346	32.767453	64.96	15.225
07/09/15	25	17.4052	11.548513	65.163	5.9682
07/09/15	50.3	17.23966	10.942374	69.2636	4.8517
16/09/15	2.7	48.80296	26.014454	93.6033	6.3742
16/09/15	10.3	46.9235	27.01518	88.3253	6.3539
16/09/15	24.7	42.08692	20.741376	82.6616	5.2374
16/09/15	51	39.77916	15.578889	70.5222	3.3901
29/09/15	1.7	15.57112	15.80865	25.2532	8.0997
29/09/15	10.2	16.3015	17.222339	30.3282	10.2312
29/09/15	24.8	16.40918	17.859613	33.0281	9.7846
29/09/15	50.2	15.83028	16.290506	30.9169	9.2771
07/10/15	1.9	38.16018	9.456882	63.9856	10.9823
07/10/15	9.9	40.19338	9.970932	65.6705	12.0582
07/10/15	25.6	40.12286	8.470022	65.8938	9.7643
07/10/15	49.6	34.05798	3.523016	67.5584	3.9585
13/10/15	1.2	36.64164	12.162414	75.0288	13.9867
13/10/15	10.4	36.7103	12.582741	77.8099	13.9867
13/10/15	24.9	36.74372	12.544851	75.4754	12.8499
13/10/15	49.9	38.00206	12.922953	77.3024	14.3115
19/10/15	1.6	40.24984	21.806098	35.8701	17.8031
19/10/15	9.8	40.77352	22.460387	31.8101	18.2294
19/10/15	25.8	40.99544	21.597168	33.3935	16.9505
19/10/15	50	40.87698	21.586039	34.4694	17.1129
27/10/15	1.6	19.359	12.475012	74.3792	10.6169
27/10/15	10.3	19.14634	12.579897	73.2221	8.6478
27/10/15	24.6	18.97908	12.919234	74.2371	7.8764
27/10/15	49.5	18.96274	12.994363	75.313	7.8358
02/11/15	1.5	13.01948	9.757142	36.8648	8.6681
02/11/15	10.4	13.0646	9.634977	35.5859	8.3839
02/11/15	25.5	12.96434	9.445503	34.7536	6.9629
02/11/15	49.3	12.8824	9.706753	36.9054	7.5516
16/11/15	1.5	20.17398	11.173585	28.217	7.9779
16/11/15	10.8	20.0046	10.970565	28.3185	8.0388
16/11/15	25.8	20.00948	11.109463	27.0599	9.1756
16/11/15	49.6	19.88834	10.732931	25.8013	9.2162
23/11/15	1.8	19.0913	10.921931	17.6204	8.12
23/11/15	10.2	19.8382	10.301684	17.7422	7.8561
23/11/15	25.1	18.75582	9.910373	14.0882	6.6584
23/11/15	50.2	18.50924	9.65853	14.5957	6.09
07/12/15	2	14.02152	5.522665	21.5992	4.7705
07/12/15	10.4	14.07086	5.747873	16.0167	4.6284
07/12/15	25.3	14.03112	5.594849	14.4333	4.7096
07/12/15	50	14.5443	5.727058	12.8093	4.669
15/12/15	1.5	15.03322	6.027175	34.5912	6.6584
15/12/15	9.6	14.14828	6.247851	17.8234	6.1103
15/12/15	25.5	14.3865	6.174857	21.4368	6.7396
15/12/15	50	11.37162	6.651936	35.0378	6.6787
05/01/16	1.8	11.8735	3.726411	24.5427	3.3495
05/01/16	9.9	11.832	3.795949	25.0502	3.4916
05/01/16	25.2	12.02796	3.773205	21.8631	3.857
05/01/16	50.5	11.41472	4.304033	14.6363	4.872
13/01/16	1.9	13.29376	4.139035	15.2453	6.3945
13/01/16	10.3	13.361	4.209062	17.7422	5.6028
13/01/16	24.9	13.2061	3.892562	14.1288	5.2171
13/01/16	49.7	13.17054	4.21391	13.5807	6.0697
19/01/16	2	11.69252	4.86251	13.3371	5.9479
19/01/16	10	11.57126	4.831812	13.0732	5.9479
19/01/16	25.3	11.7952	4.83222	14.3318	6.6381
19/01/16	50.3	12.00706	4.817122	12.992	6.0291
28/01/16	1.9	11.05054	4.019437	15.1438	7.0238
28/01/16	10.5	9.50152	5.265111	10.759	8.3027
28/01/16	26.2	9.63826	4.738882	9.541	7.308
28/01/16	49.4	9.3468	6.492111	10.7387	8.4042
02/02/16	2.2	11.09896	5.087117	15.022	6.1103
02/02/16	10.4	11.06876	5.194947	12.8702	5.9276
02/02/16	25.5	11.07914	5.157774	12.5657	6.2321
02/02/16	50	11.24768	5.195824	13.8243	6.3539
10/02/16	2.2	12.61996	7.252057	13.5401	5.5013
10/02/16	9.1	12.64284	7.390572	13.2559	5.7246
10/02/16	24	12.47476	7.545873	12.992	6.3336
10/02/16	50.6	12.39254	7.971402	12.2815	7.308
15/02/16	1.4	13.5942	8.972367	16.3618	7.8561
15/02/16	10.1	13.81694	9.433724	14.6769	8.8305
15/02/16	25.2	13.96778	9.755467	16.1588	8.7493
15/02/16	49.8	14.04178	10.23776	15.7934	8.8711
23/02/16	1.5	12.3976	16.614517	20.5842	13.0326
23/02/16	9.7	12.93948	17.256486	22.1067	12.2815
23/02/16	25.1	13.49188	14.419401	21.0308	10.0485
23/02/16	50.1	14.00414	10.558782	21.8022	6.3742
29/02/16	2.3	15.08048	16.727765	19.5895	13.601
29/02/16	10.2	15.22276	16.528261	20.706	13.8243
29/02/16	26.8	15.4872	17.036164	18.8181	13.6619
29/02/16	50.2	15.60694	17.45947	17.9655	12.992
07/03/16	1.3	17.70552	21.767973	12.0988	14.4536
07/03/16	9.8	17.61976	22.065063	16.2197	12.8702
07/03/16	25.1	17.5614	22.381549	16.5851	13.1747
07/03/16	49.9	16.82294	22.731496	14.7784	13.0123
14/03/16	1.7	14.8408	12.063821	22.2894	11.2665
14/03/16	10.7	14.73284	12.030351	23.3247	11.4086
14/03/16	25.3	14.68842	12.075343	21.1729	11.7131
14/03/16	50.3	14.93672	12.298236	22.6142	11.5913
21/03/16	2.1	16.98864	20.424056	25.0908	20.1782
21/03/16	10.1	17.15322	20.949052	26.9584	24.2382
21/03/16	25.5	16.49998	17.421085	23.8322	16.7069
21/03/16	51.3	15.90832	12.53765	21.4165	11.1041
30/03/16	1.3	26.8556	20.065026	31.9319	20.3203
30/03/16	10	26.78602	20.36928	29.9831	19.8128
30/03/16	24.7	26.82986	20.507217	31.8507	21.7007
30/03/16	51.6	26.53578	15.774072	39.3008	23.7104
04/04/16	1.5	23.63042	17.098846	48.1719	12.7078
04/04/16	10.1	23.62056	17.792917	49.7959	12.7687
04/04/16	25.2	23.70312	16.637885	50.0192	9.3989
04/04/16	49.8	21.72822	5.807262	43.645	3.857
11/04/16	1.4	21.62576	12.641307	22.3706	7.308
11/04/16	10.1	21.96854	12.714715	25.8825	8.0997
11/04/16	25.2	21.35856	12.441132	23.6495	7.7749
11/04/16	49.8	20.69482	11.84478	26.7554	7.8155
18/04/16	1.6	16.23622	26.047952	17.5798	27.7704
18/04/16	10.1	13.8027	20.205143	16.4024	25.3547
18/04/16	25.6	14.99064	6.295785	15.7325	3.8773
18/04/16	51.2	15.6701	5.563037	23.7916	3.3698
25/04/16	1.6	15.78604	23.491655	18.3715	13.6213
25/04/16	10.3	15.97564	22.865518	17.6407	14.9002
25/04/16	24.6	12.20888	13.822503	16.7475	13.0123
25/04/16	49.8	14.5067	10.830322	21.5992	15.5701
03/05/16	1.7	10.98754	4.353841	37.9001	18.5948
03/05/16	10	10.76498	4.572112	45.066	26.0043
03/05/16	24.8	15.3833	1.864014	37.2099	8.7696
03/05/16	49.8	15.46378	2.140415	42.224	10.2312
10/05/16	1.4	11.14834	3.572658	45.0457	19.6301
10/05/16	10	10.92252	2.660953	53.5514	18.6557
10/05/16	25.2	15.60844	2.717523	44.2134	19.3459
10/05/16	49.8	15.6901	2.676098	50.1816	17.6407
16/05/16	1.7	20.9419	3.025748	47.9283	4.6487
16/05/16	9.9	20.79554	2.80123	40.7015	6.0291
16/05/16	25.1	22.0618	1.112306	74.4401	10.0282
16/05/16	50.1	24.37854	0.859319	98.0896	18.1482
23/05/16	1.3	35.9888	20.443915	11.8552	8.1403
23/05/16	10.2	35.65696	20.190513	9.4192	7.308
23/05/16	24.8	48.83816	0.753043	31.3229	17.3565
23/05/16	50.3	49.44454	0.749387	41.1278	15.2047
01/06/16	1.3	63.2987	10.930217	33.901	4.8517
01/06/16	10.2	55.50718	8.563454	31.9319	5.6028
01/06/16	25	66.83782	0.856521	9.8455	1.6443
01/06/16	49.9	56.0691	1.741737	27.0396	2.6593
08/06/16	1.5	56.29628	12.694008	23.1623	5.0547
08/06/16	10	54.28836	2.931539	15.2656	3.3698
08/06/16	24.7	54.0185	2.839805	17.6407	3.2277
08/06/16	49.9	54.27596	2.773419	17.052	2.4969
13/06/16	1.4	68.60808	23.791961	18.1482	20.1376
13/06/16	10.2	64.05012	12.983945	15.8543	15.6107
13/06/16	24.8	42.99652	1.956541	12.8093	11.1447
13/06/16	50.1	36.60836	0.588813	14.9814	6.5366
20/06/16	1.8	93.18312	14.120012	29.6177	16.037
20/06/16	10.5	94.17904	14.007308	28.7042	12.4236
20/06/16	24.4	38.73484	1.829742	32.1146	4.5066
20/06/16	50.6	30.31818	0.845936	25.9637	3.8367
27/06/16	1.7	42.60668	41.278297	36.2152	82.2353
27/06/16	10.6	18.48454	13.47038	27.3238	62.6661
27/06/16	25.5	16.88632	5.235209	32.4394	30.6327
27/06/16	50.3	16.2176	5.093788	33.5559	29.029
04/07/16	1.5	73.39238	44.910098	17.4783	284.5451
04/07/16	10	76.07572	41.217741	19.1429	265.727
04/07/16	25.1	26.9343	5.900203	13.5401	67.4569
04/07/16	50.4	18.06704	2.642275	23.2638	27.2223
12/07/16	1.5	59.14312	78.377602	17.3159	51.4402
12/07/16	10.2	58.1899	78.617674	16.6257	60.2707
12/07/16	24.9	19.10274	5.375258	30.8763	14.4333
12/07/16	50.1	23.4092	6.265443	37.758	11.368
18/07/16	1.7	33.16448	46.237667	5.2374	12.3424
18/07/16	10.3	9.52588	3.930161	18.7166	11.8552
18/07/16	24.5	20.88494	3.279034	7.308	6.2321
18/07/16	49.9	22.56646	2.554669	13.4386	4.8517
25/07/16	1.8	19.935	2.30671	40.0722	98.049
25/07/16	10.3	25.11516	2.557244	46.1419	71.4154
25/07/16	25.7	19.66892	1.065607	35.6062	13.4995
25/07/16	50.1	16.32738	0.635259	33.0687	9.0335
01/08/16	1.6	16.55454	5.243548	44.5179	21.5586
01/08/16	10.1	15.64384	5.126793	42.2037	19.0211
01/08/16	25.1	19.26328	1.319429	38.8948	8.5463
01/08/16	50.3	25.97826	0.551486	15.6919	3.0856
08/08/16	1.6	26.76862	18.51901	59.9053	36.8851
08/08/16	10	22.174	10.58085	52.983	30.4094
08/08/16	25	13.75564	1.08382	38.8136	4.9532
08/08/16	50.1	13.12804	0.649946	48.8824	3.0044
15/08/16	2	22.46876	20.337937	20.9293	35.1596
15/08/16	9.8	22.39506	20.300316	19.082	34.6724
15/08/16	25.8	41.23426	3.807198	52.3537	31.9522
15/08/16	49	20.0408	1.425763	32.1958	4.6487
23/08/16	1.9	16.91816	16.840572	33.8198	33.4747
23/08/16	10.2	17.31092	16.641159	36.6212	35.1393
23/08/16	25.5	13.36116	3.463718	28.9884	8.5666
23/08/16	50.5	12.5981	1.583407	24.2788	5.1562
01/09/16	1.8	19.3656	45.024531	12.2612	51.2372
01/09/16	10.2	18.1304	34.687993	17.0926	47.1366
01/09/16	25	14.5847	3.918117	17.1332	13.2762
01/09/16	50.2	14.04074	2.435971	16.7272	10.353
05/09/16	1.8	23.98288	20.262208	20.6248	27.7501
05/09/16	10	22.8511	19.901256	19.6707	26.5727
05/09/16	25.3	20.86358	16.42318	18.7369	24.2179
05/09/16	50.3	18.90008	8.264297	22.0255	13.0326
13/09/16	1.5	19.07094	17.111505	0	26.8569
13/09/16	10	18.43446	16.09451	22.8781	27.6689
13/09/16	25	20.24072	10.176721	47.9689	24.8066
13/09/16	50.1	17.18162	2.617151	29.4147	5.8667
19/09/16	1.7	21.85484	30.250016	31.2011	28.623
19/09/16	10.3	20.38874	26.98602	32.2161	19.5489
19/09/16	25.3	20.94216	6.411069	33.9213	8.9726
19/09/16	50.5	18.68346	10.14906	26.5118	8.932
28/09/16	2.1	32.82812	30.251664	9.744	10.4545
28/09/16	9.8	32.88136	31.374784	10.4748	6.8614
28/09/16	24.9	28.18456	18.142236	18.27	8.4854
28/09/16	50.6	23.63188	9.448049	24.2179	4.8923
10/10/16	1.7	29.2467	6.500393	14.616	6.2118
10/10/16	10.5	29.79304	6.429823	14.1288	5.4201
10/10/16	25.2	29.438	6.500113	16.2197	6.0494
10/10/16	50	29.19912	6.064163	13.7228	5.8261
19/10/16	1.9	20.30616	9.234934	20.909	7.308
19/10/16	10.4	19.6731	8.849317	19.9143	6.6178
19/10/16	24.9	19.8232	9.255764	21.3353	5.5013
19/10/16	50	20.25048	8.664061	21.1729	5.1156
24/10/16	1.7	23.51462	8.820663	23.0202	5.684
24/10/16	10.6	24.26208	9.200649	19.4677	4.8923
24/10/16	26.2	23.56256	9.158468	18.3309	4.7705
24/10/16	50.2	23.74212	9.403186	19.5895	4.7705
01/11/16	1.6	19.80338	6.110622	12.6469	3.6134
01/11/16	10.2	19.21928	6.079776	12.7484	3.4307
01/11/16	25.1	19.31256	6.266425	11.5507	3.6337
01/11/16	50.5	19.22978	6.313159	13.8446	3.8773
07/11/16	1.7	18.62206	9.879529	19.285	9.2162
07/11/16	10.1	18.22042	10.201332	18.8993	7.917
07/11/16	25.7	18.04612	9.823327	18.2091	8.0185
07/11/16	50.6	18.5473	9.945344	17.7828	6.9426
14/11/16	1.7	20.00056	12.439775	19.6707	11.3883
14/11/16	10	20.31214	12.542523	24.5427	10.8199
14/11/16	24.9	19.48496	12.749198	20.0767	11.9973
14/11/16	50.3	20.15926	12.760627	20.4421	10.6575
23/11/16	1.8	23.32636	6.589772	34.307	5.887
23/11/16	11.1	21.33878	7.580551	26.4712	7.0238
23/11/16	26.5	20.58566	6.864734	18.7572	5.6637
23/11/16	47.7	20.66826	6.860147	18.676	5.0141
28/11/16	2	19.41364	9.594851	25.9637	7.9576
28/11/16	10.1	19.67836	9.399036	26.4712	7.0441
28/11/16	24.7	19.68636	9.440267	27.0802	7.4095
28/11/16	49.2	20.17356	9.678337	24.9081	7.1456
05/12/16	2.2	13.81498	5.58458	19.0414	7.4704
05/12/16	10	14.30752	5.528339	24.3194	6.9629
05/12/16	25.9	14.3942	5.53405	19.1226	7.4298
05/12/16	50.2	14.839	5.939994	19.6301	6.9629
12/12/16	2.1	14.72104	7.908555	17.0723	8.7493
12/12/16	10.1	15.0099	8.126725	16.2806	8.6681
12/12/16	25.2	14.90764	8.054782	16.5242	8.4245
12/12/16	50	15.77036	8.315061	15.8949	8.2824
19/12/16	1.3	14.765	8.207169	17.1941	9.135
19/12/16	10.4	14.48656	8.320108	16.8287	9.0538
19/12/16	25	14.64162	8.560916	15.9964	8.729
19/12/16	50.3	15.1526	8.629015	16.7678	8.9929

