date	diatoms	microcms	gncms	sncms	microzoo
05/10/1992	2.8076824347	0.7357163154	0.2028391375	0.0776213516	0.2896291778
12/10/1992	4.1254083431	0.2114095947	0.1507348579	0.06315953	2.4173933077
26/10/1992	3.5188303929	0.6052128317	0.1633030865	0.1450962176	0.5646459178
03/11/1992	4.9493162752	0.416775994	0.3130557228	0.1365611459	2.3880279536
10/11/1992	2.77514784	0.4943487178	0.1831991557	0.0776691518	0.194143226
04/12/1992	1.3008718822	0.1023323264	0.1164462391	2.2145058723	0.1873196421
08/12/1992	1.9365703274	0.0699107359	0.1446160179	0.6813864222	0.6635806882
04/01/1993	1.1414001117	0.0571191951	0.0116446239	0	0.1873196421
18/01/1993	0.6503155604	0.0571191951	0.2375441099	1.5331194501	0.0290002315
25/01/1993	0.8020772488	0.0503133938	0.047742958	0	0.1873196421
01/02/1993	0.4608828184	0.144929301	0.1585162469	0.4769704956	1.0217435024
08/02/1993	0.312023688	0.042626265	0.1519525711	1.1072529362	0.5618147708
15/02/1993	1.1772178874	0.4672974134	0.0652098939	1.1072529362	0.2197320327
22/02/1993	1.4799030812	0.6122724642	0.2379495349	2.9043788129	1.3517024754
01/03/1993	1.1458624194	0.3249256883	0.8701954062	1.3627728445	1.9985636069
08/03/1993	0.8163535152	0.2464789596	0.1679052657	0.8176637067	0.497227259
15/03/1993	0.3599017527	0.0281129939	3.9230941295	1.1072529362	0.7407640393
22/03/1993	5.773544674	0.0570771943	0.409788651	1.771924042	0.5566857357
13/04/1993	33.4822147613	0.0247088134	1.256814472	5.7552133944	2.9286823706
19/04/1993	61.9775882756	0.8523459659	0.4303955594	6.3514265139	5.0332999407
26/04/1993	17.8969273013	0.4907633976	0.6283541659	4.6947903689	2.8426426207
04/05/1993	3.7648387336	1.2439828522	0.5798921083	8.0149107006	0.6167789939
10/05/1993	20.5142307537	2.5976592459	0.3842725891	1.3642697019	1.4101587252
18/05/1993	29.4052344077	6.8628615084	0.6758441058	3.2627268841	0.9962736558
02/06/1993	0.454544424	8.9085468449	0.4279515087	3.9946399103	4.8869283212
08/06/1993	3.0358817717	9.0654805898	0.3570344288	0.3235969265	0.426760078
14/06/1993	1.1081292323	15.6484378397	2.7928468998	9.2244838645	2.1746096389
21/06/1993	23.2221006288	3.1690466421	1.3270316006	1.9224147693	3.7207732336
28/06/1993	2.7011560771	53.6517629755	0.8612466441	0.4088318533	1.6188772949
05/07/1993	11.2501216305	457.9519416393	0.6184356699	0.5026253953	4.3328318346
12/07/1993	4.884879735	195.6992276431	0.1129528519	0	0.1959693568
19/07/1993	9.404809832	184.0824941327	0.0360983341	0	0.4004591203
26/07/1993	10.9409931172	0.0247088134	0.1397354869	0.4088318533	0.3832889989
02/08/1993	17.6171576578	29.8465843511	0.7337174466	0.2725545689	0.1022448818
12/08/1993	28.4357182568	0.4818054577	0.4890742043	0	0.1873196421
19/08/1993	21.1524137816	1.9865696276	0.8500575455	0.5451091378	0.6233875656
23/08/1993	24.7349371376	7.8650979605	0.0710322059	0.5451091378	0.5884159814
31/08/1993	12.6912959755	2.5191475053	0.3252347859	2.2996791751	2.7775045022
06/09/1993	14.498691124	2.1135565718	0.1587549601	2.7425187255	0.195819137
27/09/1993	46.4523000853	5.3589771304	0.8110502559	1.3711081039	2.63316894
07/10/1993	25.9065522612	0.7064824957	0.0954859161	0.5109165686	0.4036395157
11/10/1993	11.185313125	4.1229197888	0.595757509	0	2.8108977137
19/10/1993	4.1552032171	0.8124150115	0.0950946567	0.8180725386	0.987260227
01/11/1993	1.0458343852	0.3424184457	0.1010380728	0	0.1856848525
08/11/1993	0.9071697479	0.3217265677	0.066580461	0.1704317789	0.1609308784
15/11/1993	2.9753871161	0.5425071736	0.0772644086	0.443122625	0.6493320084
30/11/1993	1.426836394	1.274694712	0.0579483064	0.1704317789	1.1089197417
06/12/1993	2.1369629402	0.5451756941	0.0549765984	0.0681727115	0.1392636394
14/12/1993	1.2386782991	0.0984739251	0.0445756203	0.0048308505	0
04/01/1994	2.8786539801	0.2227131142	0.057569306	0.0874961137	0.1833992844
17/01/1994	2.0108819122	0.2786196227	0.0475473284	0.6476407597	0.3393254717
31/01/1994	0.6936509279	0.0668669559	0.2927091741	0.0582406085	0.2514053414
07/02/1994	3.058366935	0.0565532626	0.6168596162	0.1604870048	0.1975910249
15/02/1994	3.8567585612	0.0674345999	0.1496758446	0.0386468043	0.1375369007
23/02/1994	0.8669071474	0.0959089449	0.136461582	0.1800934799	0.0464212131
28/02/1994	0.3476342801	0.5015809876	0.1675280908	0.442041017	0.3982478793
11/03/1994	0.9099981126	0.028474345	0.157283439	0.0193234022	0.0928424263
14/03/1994	2.7744511568	0.0142371725	0.283525858	0.0971578148	0.466545564
21/03/1994	3.0378403614	0.0854230351	0.324047941	1.0322523743	0.0928424263
29/03/1994	2.2129275666	0	1.1831847914	2.4821211109	0.3218617568
11/04/1994	0.6023418573	0.0287256717	0.4429575719	0.4761273728	0.8355818363
18/04/1994	11.9158480841	0.2187615194	0.6151584528	3.3178946395	0.4727925542
26/04/1994	36.6182982421	0.120935737	0.9567569106	18.949741437	2.917938358
04/05/1994	150.4101568467	0.4265844972	0.5747597476	0.7301562682	19.0008630798
10/05/1994	17.3710921923	1.1583346601	0.5707702218	1.6329973147	22.7922024363
16/05/1994	10.5235652302	3.7727213831	0.9853676016	1.5056360866	6.959726295
23/05/1994	4.5684106974	1.2891648995	0.2213222982	0.6690965141	5.2646017605
01/06/1994	25.4862562531	0.6014053941	0.3504203653	0.532751091	3.6582497582
06/06/1994	18.0820358188	1.523023154	1.0114951284	1.4661489689	3.035972142
13/06/1994	37.1874745852	1.0472920061	2.3787582605	1.3191653701	1.0528907879
20/06/1994	5.4720587541	1.2879911951	0.8027676417	5.7352085102	9.2725433934
27/06/1994	12.0034096014	1.6187368111	0.273397138	2.2299559222	2.0563712348
04/07/1994	17.3602529303	10.7543733481	0.8405688053	4.7780654343	1.2910345246
14/07/1994	15.7506079232	11.7688028924	1.6649247129	9.7472427218	5.2753355087
19/07/1994	7.1284279072	59.8094449916	3.5095008246	23.0111552913	30.1043426215
01/08/1994	3.6600510784	214.0612002589	1.9932694057	18.9988680919	7.0797791479
08/08/1994	3.4701434744	423.4818647294	1.0407960788	28.266657875	1.87992891
15/08/1994	11.8010160924	107.3855946665	0.5883981884	13.0945710595	4.8051290432
22/08/1994	8.2270513619	13.9850831058	1.2271604804	9.1600092077	0.5526193257
30/08/1994	21.469864511	1.2339693653	0.4073800725	0.6979083662	2.2775816237
05/09/1994	2.322711161	2.2823324746	0.4995912426	39.5550492224	2.2064900826
12/09/1994	2.2407892582	0.985983443	0.6593759161	3.2038664107	0.5460359528
19/09/1994	3.7780554173	1.0348433388	0.4472608542	7.5170836844	1.0689038982
26/09/1994	6.825599409	0.7160555552	0.1901893134	1.7008931983	0.3669344732
12/06/1995	29.0738256937	2.1697763976	2.0850554648	3.3923003547	4.1075576582
19/06/1995	54.0187796961	11.8951225031	3.1748337215	6.8659230954	6.7146791109
26/06/1995	15.0506529392	5.323930116	0.6410280206	2.216545365	2.2126137132
03/07/1995	51.3388071474	5.4819286578	2.037071177	3.4629775749	1.0640374034
07/07/1995	17.7264543262	7.2929588161	2.4843657339	1.0241885591	0.1856848525
17/07/1995	5.6679001891	4.9882575323	0.4098545258	14.685822647	2.8863553169
24/07/1995	3.1512372695	151.4719364443	0.7868977872	0.3699632759	3.2668473421
07/08/1995	2.855617461	121.2016675844	1.3183492752	0.5643010732	1.1718728446
14/08/1995	8.182479465	25.4682364378	0.5409260476	1.1987868683	0.0721692855
21/08/1995	1.7781630095	7.0824464589	0.5594567883	0.9631610759	4.4371900493
29/08/1995	8.7005019227	2.345265553	0.9427542604	0.184981638	4.6649347421
04/09/1995	9.5240017474	2.8898039752	1.6096916777	0	3.7147284115
11/09/1995	5.9372333136	1.5104403786	1.7507100773	0.1363454231	0
18/09/1995	2.2033999613	1.4218967443	1.075351129	0.2726908462	0.194691349
27/09/1995	4.9773706435	1.5640401602	0.7704045402	3.2722901542	0.1995652422
02/10/1995	8.2383883716	1.5349848386	0.8019539909	0.7944227043	0
09/10/1995	27.6283031441	0.5975177171	1.0483042802	0	1.0358522538
16/10/1995	8.6343833105	4.3526686802	1.1903041825	4.4939909219	0.2828174902
23/10/1995	8.9830271226	1.1043903074	0.5415059495	1.4579080256	0
30/10/1995	4.7542276289	0.407478021	0.1544082265	0.5249766822	0.371369705
06/11/1995	1.9710564214	0.19472232	0.2345840478	0.1749922274	0.1266028969
13/11/1995	5.2267944449	0.4841193049	0.2004395532	0.0314824559	0.1812496207
22/11/1995	6.3508788719	0.6258370914	0.0816918229	0	0.4394581572
04/12/1995	2.4136691949	0.1308195218	0.0861192373	0	0.2813315261
11/12/1995	3.3085557854	0.2123918225	0.0980060694	0.0193234022	0.1266028969
10/01/1996	2.2458025878	0.0527025281	0.0222878102	0.1022590673	0.082942955
15/01/1996	2.5340864453	0.2605707066	0.0820759468	0.1749922274	0.1942652754
23/01/1996	4.1997384982	0.1588984394	0.0297170802	0	1.3715198634
30/01/1996	2.6921874431	0	0.1440373961	0.1363454231	0.0498913106
06/02/1996	2.4349927162	0.0142371725	0.1531107046	0	0.4864307262
19/02/1996	1.4486806902	0.0388607831	0.2109309743	0.0193234022	0.6319247674
26/02/1996	1.0793960224	0.3218973462	0.1950446728	0.443122625	0.343971392
05/03/1996	0.1447194917	0.1429816042	0.4751115116	0.1363454231	0.0971326377
11/03/1996	0.8021335083	0.1429816042	0.5607241762	0.6817271155	0.4450666519
19/03/1996	0.7881637609	0.0864881937	0.1069814888	0.5453816924	0.0680884522
25/03/1996	0.5325328544	0.05694869	0.0891512407	0.2726908462	0
01/04/1996	0.4033257161	0.1584280361	0.1485854011	0	0.1328882172
11/04/1996	0.3154169251	0	0.8627083749	1.659998064	0.1942652754
16/04/1996	0.0327174925	0.1949298735	1.6791802998	1.2271088078	0.0971326377
22/04/1996	0.4564344535	0.4276632248	3.9612562826	6.368506473	0.2913979131
29/04/1996	2.9131160944	0.6258214753	3.2701019681	7.1833341875	1.0070819565
07/05/1996	7.7972871577	0	0.1518131826	15.6206718411	0.0357555795
13/05/1996	2.125149712	0	0.0356604963	25.3739300407	0
20/05/1996	4.4846708056	0.1149026866	0.3155131973	34.3249602634	0.2929515911
29/05/1996	14.3340444389	0.0246236106	0.1783024813	19.2214598319	0.2913979131
04/06/1996	32.6400990257	0	0.0475473284	2.999599308	0.2271582415
10/06/1996	29.2219467016	0.3554169209	0.2213018047	1.7958362305	8.0205229846
17/06/1996	2.3987480097	1.4079174424	0.5111337798	1.2997939676	2.4382386372
24/06/1996	14.3052756066	0.2694090129	0.1485854011	1.2997939676	4.2897486134
02/07/1996	16.0435530728	0.9897229203	0.1485854011	1.1024362499	2.7383918324
08/07/1996	11.7889622715	2.8292622165	0.5928557504	1.1401028141	2.1813372748
15/07/1996	16.3951071008	1.6377343151	0.3968358158	1.1517756793	5.7024510157
22/07/1996	13.6794774564	13.3559144968	0.3887697283	3.5943204298	1.8881187272
29/07/1996	26.531204838	9.0004285763	0.1749068477	4.7597769138	0.6388945499
07/08/1996	79.8171172376	21.2454425366	0.8703066688	21.1954851135	1.6060310247
12/08/1996	22.0919203855	10.0998176027	2.9632545544	10.000343017	1.7079830288
20/08/1996	39.0390068549	1.5632364903	0.9760898039	10.362252155	0.8834161953
27/08/1996	49.6408836677	2.0418086886	1.0384612154	5.7212118323	3.4652742627
02/09/1996	24.4928977156	325.0829822911	2.4935191041	3.6113482297	4.358754843
09/09/1996	0.259736399	1.5669125824	0.0345286184	1.3634542309	0
23/09/1996	2.379667029	2.5523644835	0.5933526691	0.2329624339	1.3910645784
30/09/1996	4.9765026311	1.1953730383	0.262905717	1.0708484946	0.3185730697
07/10/1996	11.0422314212	0.9526633944	1.3259029067	1.1090051789	0.5709349473
14/10/1996	6.5121733573	0.3093670608	0.3237352884	0.9146895493	0.6391010667
21/10/1996	2.435369941	0.5560635598	0.1904528466	1.497636438	0.1719324839
30/10/1996	4.6880228191	0.1419762976	0.6711236504	2.0419365223	0.0680884522
04/11/1996	1.2219296903	0.1966679084	0.3490249543	1.127246973	0.661281654
11/11/1996	1.659575077	0.1138973801	0.3059050403	0.4670064757	0.1912933473
18/11/1996	0.9728445745	0	0.2984456226	1.3140641175	0.0971326377
25/11/1996	2.0009643022	0.2746552669	0.420541725	0.3499844548	0.0715111591
02/12/1996	1.0805342134	0.0246236106	0.2020761455	0.2716092382	0.8882773942
09/12/1996	0.901773245	0.04231609	0.2049875582	0.8545561268	0.008768485
16/12/1996	1.4636326109	0.0142371725	0.0594341604	0.0193234022	1.54882038
30/12/1996	1.6036406906	0	0.0416039123	0	0.6363599992
06/01/1997	1.8216768375	0.1685889909	0.0742324052	0.0966170108	0.7101251385
13/01/1997	1.5924944702	0.4206238794	0.1113179956	0.0772936086	1.0202655962
27/01/1997	1.7876579976	0.1279904517	0.0617137509	0.0920565622	0.2411846578
17/02/1997	0.8900121187	0.29885922	0.7576456468	4.6821655982	0.1314022532
27/02/1997	0.4503002267	0.0435253495	0.4443380907	0.2898510323	0.5321555631
03/03/1997	0.42199998	0	0.2811200889	0.6956424775	0
10/03/1997	0.6067406555	0.0217626748	0.4857235233	3.5061886537	0
17/03/1997	1.3897438353	0.0246236106	1.3188354086	8.7120461735	0
24/03/1997	0.2353899773	0	2.7527835909	3.5942983426	0.4685023427
01/04/1997	8.0737982128	0.1419762976	0.9668990416	3.4397111254	0.6251430097
07/04/1997	4.9060093342	0.1703062629	1.3734803828	5.2369330679	0.5895072202
14/04/1997	26.9977443849	0.4237670941	0.307421042	1.0770511753	1.0486372852
21/04/1997	27.8217648672	1.2093180219	0.2228178063	2.2528825776	3.3300138553
28/04/1997	17.1775195618	0.9411073549	0.4991263571	1.3430492207	0.8701571069
12/05/1997	2.3312772829	0.4201676863	0.3673599169	0.8373959407	0
19/05/1997	18.1753793683	1.141838532	0.5013287135	1.3195996268	2.2573893601
28/05/1997	4.8240294291	0.4555895203	0.8110954041	1.6747918814	1.3668888352
03/06/1997	3.7318166549	1.0106416356	1.0080942703	2.3024618876	2.4156988871
09/06/1997	5.7669833397	0.5417665352	0.0534907444	0.1363454231	0.0971326377
16/06/1997	85.9780568635	1.5552278323	1.3219740725	4.1367839059	8.0463391048
23/06/1997	80.4232387475	5.9279867961	0.2996895274	1.4790329965	8.4631539416
30/06/1997	60.8106903038	2.3036615505	0.1403782293	0.184981638	0.765173389
07/07/1997	17.4177921586	20.4367562989	0.4089638292	8.7387601832	1.103940706
14/07/1997	8.2592880109	31.7755559268	1.1748165935	0.2726908462	2.0558983367
21/07/1997	2.2197496957	214.7344826845	1.1204380953	1.8355107343	3.5162794656
28/07/1997	4.8587729556	600.9888985649	2.1334784921	0.4767989272	1.2251221425
04/08/1997	0.2652209114	260.1321091103	0.3745308919	0.2726908462	0.9239890307
11/08/1997	2.7127482477	157.6574577156	2.0495398237	1.5612981371	1.1096738833
18/08/1997	6.7025783256	21.1544580208	1.0387936618	1.2967518794	0.4770827656
26/08/1997	5.7835088136	41.5306141148	0.6232506081	0.6926967661	0.1942652754
01/09/1997	15.4096227959	6.3520620706	0.6548000589	0	0.5437488621
08/09/1997	18.7917423823	6.808927802	1.0970657289	0	0.5281246787
15/09/1997	3.206095592	0.8746212057	0.2286406317	0.1363454231	0.0498913106
22/09/1997	6.8848767595	9.2244863428	0.5100093345	0.3693078569	2.7453231096
29/09/1997	10.4878621905	1.2888809065	0.9600723615	0.7192923117	2.0775754987
06/10/1997	4.4757846332	0.931613446	0.4305961866	0.7396973219	0.9280041954
13/10/1997	2.0005242099	0.0280789175	0.5205685105	0.2726908462	1.0839985268
10/11/1997	2.0913214192	0.0962278776	0.0475473284	0.1556688252	0.1856848525
20/11/1997	36.3095614819	0.2246313403	0.0742324052	0.5453816924	0.1995652422
25/11/1997	1.3107949836	0.0280789175	0.0606068973	0.1556688252	0.1232781503
10/12/1997	1.345926465	0.2246027251	0.1933642593	0.1556688252	0.1856848525
17/12/1997	1.5842301408	0	0.0519747427	0.1363454231	0.6363599992
05/01/1998	3.037967998	0.035504948	0.0297170802	0.5453816924	0.0715111591
12/01/1998	0.6519269854	0	0.2004395532	0.0121590537	0.0350739401
19/01/1998	0.7688643298	0.0108813374	0.0995220711	0	0.4668713583
26/01/1998	0.2109119832	0	0.1789888361	0	0.1392636394
02/02/1998	0.2695622226	0	0.3323857754	0.2920142483	0.2519539933
16/02/1998	0.7871618354	0.0287256717	0.5285185048	13.1653726174	0.7971677683
23/02/1998	1.5975529495	0.0287256717	0.4988851758	6.4662050918	0.1812496207
02/03/1998	0.6203965312	0.0287256717	0.3273740897	2.5905630387	0.2813315261
16/03/1998	0.2675329231	0.1149026866	1.3964612394	0.7010505176	0.0971326377
23/03/1998	2.5941009415	0.1149026866	2.1711729531	5.1811260775	0.0680884522
30/03/1998	3.7896830732	0.3344561707	0.6006237412	1.463285202	3.7415135885
06/04/1998	0.8263984144	0.1703062629	0.2632898408	2.3178721926	0.5042579223
14/04/1998	0.6019013598	0.1703062629	0.1814162027	0	0
20/04/1998	15.5950861794	0	0.3003662417	0.1363454231	0
27/04/1998	63.1031093839	0.0246236106	0.5851250038	0.5647050945	1.3165361423
07/05/1998	38.5404422543	0.2691195532	0.5200637961	0.7281483286	0.6958283644
11/05/1998	9.2350542841	0.2867540633	1.1351470613	1.0907633847	1.0236736416
18/05/1998	14.3852743963	0.2205346728	0.5857577414	2.1931996346	2.9052040142
27/05/1998	9.3805345512	0.2986835249	0.1767864797	1.6800236796	0.7725369035
01/06/1998	31.3096963639	2.5886850096	3.9057601651	8.0624297552	19.1182631084
18/06/1998	10.0959391151	1.5210372338	0.434833397	0.4283596714	9.1000200627
22/06/1998	45.383946011	2.7340809317	0.1114089032	19.1229357087	0.9482216749
06/07/1998	44.9229400766	1.9832794589	1.6047632106	3.456307278	1.4490511757
13/07/1998	28.9023132686	3.3813610601	1.4091017495	2.3788844871	0.1942652754
20/07/1998	45.116023922	0.3363056499	0.0475473284	0.6440605512	1.6261556054
27/07/1998	33.5826850605	1.1720937236	1.7044152174	1.7348239359	9.067717882
03/08/1998	6.845308035	11.80758587	2.3677411198	0.6875635481	0.956185042
17/08/1998	23.097122505	0.3717941492	0.419146314	2.5905630387	1.2301175292
24/08/1998	8.1387758131	0.2019533856	0.1129249048	0.5947211218	0.6893964934
03/09/1998	15.8535076943	0.592128843	0.8375392997	4.6937145916	0.221440432
28/09/1998	11.0671471308	0.3307332727	0.2539302976	0.4283596714	0.1946237474
05/10/1998	7.5965204924	0.327357795	0.5273274356	2.0451813464	0.0357555795
12/10/1998	4.1596803901	0.6685368178	0.9316304649	2.5905630387	0
04/11/1998	1.5319580468	0	0.2895907939	0.5453816924	0
10/11/1998	1.5092506981	0.1305760485	0.6775494291	9.7339347975	3.6038126614
16/11/1998	3.3365987546	0.0681489601	0.0237736642	1.0907633847	0
23/11/1998	2.9050787476	0	0.0594341604	0.6033518988	7.2668948047
30/11/1998	1.4500388989	0	0.0534907444	0.1363454231	0.2676536944
07/12/1998	0.2899672786	0	0.1545288172	0.8180725386	0
15/12/1998	0.5473370467	0	0.0416039123	0.1932340215	0
05/01/1999	0.4183784885	0	0.0519747427	0.1363454231	0
11/01/1999	0.8683547462	0	0.1637000147	0.1363454231	0
20/01/1999	0.8686756455	0.0435253495	0.0980060694	0	0.0680884522
26/01/1999	0.5666131364	0	0.0178302481	0	0.0971326377
01/02/1999	0.0726138165	0	0.0579181588	0.1363454231	0
08/02/1999	0.3439472539	0	0.0632956359	0	0
15/02/1999	0.1190435106	0.0204016377	0.0471683279	6.8172711546	0.0464212131
22/02/1999	0.4617061438	0	0.0909859474	0.306777202	0
08/03/1999	0.7323518742	0.0108813374	0.3599631172	3.4086355773	0.0956466736
15/03/1999	0.3799869448	0.0851531314	0.6964865308	0.1704317789	0.0178777898
22/03/1999	0.4255572336	0	0.2686264589	0.7158134712	0
29/03/1999	1.566341931	0.0672001763	0.3452838947	5.772928983	0.5626630523
06/04/1999	11.7293973695	0.0425765657	0.2436800578	21.3721450697	1.0829814375
12/04/1999	121.1444912012	0.0287256717	0.2469078393	2.6369842518	0
19/04/1999	71.3854572817	0.0425765657	0.1657065929	0.6135544039	0.1856848525
26/04/1999	73.6526887274	0.0280789175	0.5184931005	1.2271088078	12.5535115868
04/05/1999	5.0685303342	0	0.9904501598	0.867411968	4.1757398687
10/05/1999	22.3790521548	0.05694869	0.0999061949	0.7281483286	0.2828174902
17/05/1999	76.0101491569	0.1686229997	0.405547702	1.9581753527	0.2828174902
26/05/1999	87.1769956569	0.4964535455	0.7851860074	2.8632538849	2.3340811711
02/06/1999	26.6222887747	0.087050699	0.5231044445	1.5977752983	0.9965946012
07/06/1999	52.3499178295	0.5979694877	0.4089638292	0.2726908462	1.4833142019
14/06/1999	42.4224076662	6.4953867538	0.1273595194	1.1496660357	1.9541596374
21/06/1999	16.3572932405	3.587228889	0.1626358918	1.3353508882	3.6013826837
05/07/1999	3.6152476346	13.4788559295	1.844731266	0.3213270611	0.0971326377
12/07/1999	2.7637094548	180.7192249304	2.1240675126	4.5648019077	0.0585144447
19/07/1999	20.9524399407	13.0356805729	1.6118229943	0.2431810744	2.9853783641
26/07/1999	9.6930780209	8.0483366251	0.2654534994	4.7470723916	1.0414343399
02/08/1999	1.5743557409	40.8126526142	1.8935384954	92.4518630397	5.14990659
09/08/1999	1.9091985288	9.4287824426	1.4676202495	24.1382093922	1.235417496
16/08/1999	0.8835610595	10.9928182772	0.3938566481	1.4196424424	1.774156432
23/08/1999	4.2507534793	12.6820474452	0.372941561	0	1.235417496
01/09/1999	1.9648926007	12.2152936577	3.1311923155	1.886267697	1.2171018745
06/09/1999	45.1665223735	5.1509159179	0.4033044399	0.7192923117	0.8825298647
13/09/1999	11.4701651741	1.5707107402	1.282630369	1.1680569933	2.3534147331
20/09/1999	31.2525273897	0.1369392807	0.4175774767	0	1.1468798206
04/10/1999	1.5982409244	0.0613769267	0.0832078246	0.1363454231	0
11/10/1999	0.9993547268	0.2500316563	2.3145987773	11.6575336744	0.7338689464
25/10/1999	1.1714402746	0.05694869	0.1018450181	0	0
03/11/1999	1.1090256733	0.0613769267	0.3107694142	0.1545872172	0.3799501279
08/11/1999	1.2731461431	0.087050699	0.1826093051	2.8632538849	1.2171018745
15/11/1999	0.5476617628	0	0.0579181588	0.0681727115	0
22/11/1999	1.3510780155	0.0204016377	0.1229524705	0.4090362693	0
29/11/1999	1.6948503739	0	0.0772644086	0.4090362693	0
07/12/1999	0.3206198289	0.0280789175	0.0698049909	0	0
14/12/1999	2.7893673974	0.2500316563	0.0519747427	0.0386468043	0
04/01/2000	3.3012112142	0.0246236106	0.0519747427	0.0772936086	0
10/01/2000	2.5382062526	0	0.0772644086	0.0193234022	0
17/01/2000	3.371361403	0	0.0400879106	0	0
24/01/2000	1.2327499695	0.0246236106	0.0534907444	0.1363454231	0
02/02/2000	7.3469811787	0	0.1426419851	0.1363454231	0.0971326377
14/02/2000	8.7115112815	0.0425765657	0.1129249048	0.4090362693	0.1856848525
21/02/2000	4.0300959318	0	0.1455533978	1.2271088078	0
28/02/2000	1.4894846164	0	0.1827298957	0.8180725386	0
13/03/2000	12.2111420487	0.0722510212	0.2524142959	2.0451813464	0.1856848525
20/03/2000	0.7352679426	0.1123156701	0.2539302976	2.999599308	0
27/03/2000	7.1821501884	0.5739341444	0.2821313761	1.9088359233	0.2854674736
03/04/2000	8.6753628672	0.1265733599	0.3103324547	3.5449810004	2.6844418381
11/04/2000	33.0832576578	0.0246236106	0.0742324052	1.0907633847	1.7160316305
27/04/2000	13.2416497634	0.6072468434	0.4543225894	5.4538169237	5.5102178234
03/05/2000	33.6849612217	0.7844665194	0.4450158818	2.5528964745	0
08/05/2000	35.114334959	0.3501654524	0.2405274638	4.1489429596	2.9005579506
15/05/2000	17.5781652064	0.5039692311	0.1637000147	10.4108883699	1.4184389483
22/05/2000	91.0974388693	0.2958091049	1.0783737872	7.8181103293	0.1942652754
31/05/2000	8.4490265399	0.9284704138	0.7057106787	22.1126282557	3.2632038438
05/06/2000	19.1682804423	0.9720963699	0.0713209925	1.409875444	5.3649461215
12/06/2000	102.3140171363	1.7762361756	1.3005134528	0.184981638	1.0358522538
19/06/2000	33.6852972774	1.096560538	1.465162574	0.6875635481	5.4064701163
26/06/2000	32.2944198839	1.6652006548	0.2586740808	1.3751270961	6.1716605439
03/07/2000	4.3051930724	5.564336694	1.224439332	1.1003266062	4.2637838991
10/07/2000	10.0202298807	16.6055598741	5.6658077094	2.1424537761	1.5539985776
17/07/2000	20.9655355197	8.9395438581	3.1022285635	0.0486362149	14.5990641908
31/07/2000	4.378280275	67.2572825643	0.7738641579	0	0.2537733047
07/08/2000	11.6156085131	42.4761894056	0.2792199634	0.7060452229	0
21/08/2000	12.5006814822	5.7277069663	0.5089657052	0.1159404129	0.7408561513
04/09/2000	0.3381688423	18.1301576913	0.1474535232	0	0.1856848525
11/09/2000	1.6682206631	4.9676768871	0.5866465797	0.6817271155	1.2566110464
20/09/2000	1.756432599	0.3170166166	0.2316726351	0.1704317789	1.402786727
16/10/2000	0.1869894464	0	0.1351825673	0	0
26/10/2000	0.1416309827	0.05694869	0.2168743903	0	0
06/11/2000	0.2050024594	0	0.2019555549	1.2271088078	0.0350739401
13/11/2000	0.7015823535	0.05694869	0.0832078246	0	0
20/11/2000	0.3530330877	0.0435253495	0.0713209925	0.2726908462	0
18/12/2000	0.5514706354	0	0.0237736642	0	0
16/01/2001	0.7049109838	0	0.0178302481	0	0
29/01/2001	0.4961265681	0	0.1410656881	0.4186979704	0
08/02/2001	0.5304093386	0	0.1232957353	0.2726908462	0.3825866945
13/02/2001	2.2117115423	0.0777290279	0.087635239	0.1363454231	0.0485663188
19/02/2001	0.9891706118	0	0.0832078246	0.8180725386	0
27/02/2001	0.5238987376	0	0.1587141211	0	0.274092047
05/03/2001	0.4267468358	0	0.0534907444	0	0
12/03/2001	0.5704818196	0	0.4517748069	2.1815267695	0.1856848525
02/04/2001	1.1036367348	0.1149026866	0.7063378421	0.0386468043	0
09/04/2001	1.1259457239	0	0.2467872487	0	0.0680884522
18/04/2001	39.3641535606	0.0246236106	0.2915114129	6.1819652522	0.4506751467
23/04/2001	44.9665441334	0	0.3490249543	1.3634542309	0
30/04/2001	40.4220424348	0	0.3147598691	1.0907633847	0
09/05/2001	35.838356094	0.4555152124	0.1039494855	0.5918029055	1.3000347861
14/05/2001	36.2029639233	0.4555152124	0.6152790434	0.9284242626	0.2608677635
21/05/2001	9.2837783295	0.1157763707	0.1248117369	0.2336178528	0.0350739401
30/05/2001	3.4979887224	0.1844275924	2.0781667404	4.825302607	0.6669987075
04/06/2001	52.5369604403	1.0777769434	0.7365012269	3.1309580935	15.9324864131
11/06/2001	74.1519619247	1.9583318892	0.3067119857	0.389089719	4.5055163287
18/06/2001	9.0882654194	2.8600525681	0.5011545057	0.2431810744	1.3828964283
25/06/2001	3.194129442	3.1585380586	1.1206651854	1.0947792638	0.1307206137
02/07/2001	7.8874201685	2.8935438144	1.0640876894	5.3426167417	0.5933957599
09/07/2001	3.6744843112	6.9455665961	3.6944344354	1.0693870751	1.7038951377
16/07/2001	5.8630309397	4.0179116247	1.2866096205	0.3899898926	1.7341836715
23/07/2001	1.7584562955	7.8707784817	0.8612712767	0.7446456455	1.1314989274
30/07/2001	0.5090181346	14.5013315005	6.1329161186	0.9644576593	1.2390025322
06/08/2001	6.3828086723	2.9998977119	0.4059318259	0.2767067252	0.7539563995
13/08/2001	16.5555886659	16.2687772433	2.2100801751	0.2726908462	1.327554747
20/08/2001	10.9101063446	20.7673061174	1.2720414085	0.5097230676	3.2552000203
03/09/2001	3.9431053575	176.8901882378	1.2472047797	0.1383533626	2.8660893881
10/09/2001	4.1826962931	83.4030155534	0.1514968138	0.5534134505	0.5437488621
17/09/2001	7.3954665788	5.7727828311	0.7236105401	0	1.2215371063
24/09/2001	4.7840207095	3.1171552974	0.2735929162	2.5905630387	0
09/10/2001	2.1201786859	4.2483132802	0.1708430636	0.4648432597	7.7732479138
22/10/2001	4.9637145126	2.1154504252	0.3167128302	0.0386468043	0.458145915
29/10/2001	2.9065427994	4.1315123981	0.9080224313	0.3091744344	6.7183932844
05/11/2001	1.4850045411	0.6383736951	0.3832900395	1.499799654	0.3624992414
12/11/2001	1.684281435	0.5856711669	0.2851633795	0.7203739198	0.3624992414
19/11/2001	1.4634968277	0.6748153012	0.0475473284	0	0.1812496207
26/11/2001	3.6210317145	0.4778890622	0.130755153	1.499799654	0.796703666
10/12/2001	2.1187046759	0.1904326638	0.2513352537	0.5453816924	0.0956466736
07/01/2002	3.2255490475	0.8375234405	0.1815302628	0.1363454231	0.9225606043
14/01/2002	4.0294250459	1.5197773963	0.0534907444	0.1556688252	0.4764615366
12/02/2002	1.828085013	0.05694869	0.1128043142	0	0
18/02/2002	1.0421059177	0	0.1054654871	0.4090362693	1.2449195548
04/03/2002	2.1544430142	0	0.5144367489	0	0.0971326377
19/03/2002	0.5843991801	0	0.8406371454	0.6817271155	0.8002473291
25/03/2002	0.5389110117	0.0435253495	0.4116868963	0.8567193429	0.1856848525
02/04/2002	0.0946423235	0	0.0779621141	0.0874961137	0
08/04/2002	0.3748359995	0.05694869	0.1336665657	0.3113376505	0
15/04/2002	0.4771337942	0	0.3002779931	0.3682262489	0
22/04/2002	0.6342772774	0	1.5616474579	7.3891315609	1.6024088701
01/05/2002	8.6472435113	0	0.3310741155	1.8497841088	12.54262574
07/05/2002	10.9066853287	0.0287256717	0.536212412	25.0590043929	4.0148552371
16/05/2002	2.1243561147	0	0.7701994169	3.1798540332	0.5570545575
23/05/2002	12.8917376063	0.487689664	1.0406546585	1.2839974063	2.9821746297
06/06/2002	21.0844847102	1.8236059634	4.2651301991	0.4293399115	3.3786518599
11/06/2002	44.6752957279	1.2762665612	0.9682322719	3.9656901348	13.3743322581
18/06/2002	3.0379887201	0.7313054211	0.4929417597	1.6594908075	11.7264456083
24/06/2002	11.0515244847	7.5308416022	2.9112554923	1.4621330897	14.9682857337
01/07/2002	9.1794290001	6.1134139674	0.7594121206	1.1141091151	1.6540104563
09/07/2002	3.4071936856	5.8233737651	2.2504672594	1.3634542309	0.8619769782
15/07/2002	3.0850286754	7.3102237751	0.4851566281	1.1894422436	1.108036828
22/07/2002	16.2036077182	15.6717236215	2.8150121801	3.23560383	6.6549669349
29/07/2002	13.3637330884	256.4752136419	0.7046260623	0.7010505176	0.8834161953
05/08/2002	3.5728663483	7.5830487847	1.9619101589	0.6875635481	0
12/08/2002	5.2616882244	30.9855694863	1.276070938	0.6933999806	0.8567657244
20/08/2002	0.637020894	0.9488199775	0.440096814	0.4110442088	1.5028686324
28/08/2002	0.0501895475	2.0639859824	1.4088605682	0.2726908462	1.2820530403
02/09/2002	6.2453335781	0.3416921402	1.7937417969	0.0772936086	0.6541871952
09/09/2002	2.5391435305	11.5601519736	1.6168856769	3.0152880523	0.9333322101
16/09/2002	3.5086547506	2.4201994343	0.5834790663	1.3756132846	0.4685023427
23/09/2002	13.082201245	8.9603973121	0.2301566334	0.6817271155	0.3799501279
30/09/2002	35.0945084005	0.3862955677	0.3475089526	0	0.1942652754
07/10/2002	21.6296776772	0.6097058047	3.2435558993	0	0.1402957604
14/10/2002	20.562713031	0.800670053	0.7563502786	1.4854788201	2.0717045076
28/10/2002	3.7426893242	1.0416881747	0.6900266665	0.4090362693	0
04/11/2002	3.4112137047	0.2493704366	2.3317127778	0	0.74273941
18/11/2002	2.091464347	0.7246717772	0.9897496129	0.0193234022	0.0971326377
25/11/2002	2.0034848484	0.418654656	0.4639456657	0.1363454231	0.1856848525
03/12/2002	2.1571265607	0	0.431993442	0.2045181346	0.0089388949
16/12/2002	0.8261292545	0.2232806017	0.2488455586	0.2386044904	0.0178777898
06/01/2003	0.7108211585	0.028474345	0.0930127161	0.0681727115	0.1926250474
13/01/2003	1.8631468147	0.1362639114	0.1411259834	0.1485044768	0.1995652422
22/01/2003	1.2898326573	0	0.1054654871	0	0
27/01/2003	0.7230830827	0.1116403008	0	0	0
03/02/2003	1.7410039463	0.1149026866	0.1499808121	0.7010505176	0.8735953819
10/02/2003	7.4761574313	0.0815723006	0.3296787045	0.050805858	0.568271547
17/02/2003	0.8022045071	0.3764571694	0.3222192868	0.8180725386	0
03/03/2003	1.0483883346	0.2265429875	0.1054654871	4.6357443851	0.1856848525
17/03/2003	2.5507678933	0	0.2123263853	2.1815267695	1.942164159
31/03/2003	5.3034202951	0.4778264164	0.3333583648	4.1397021222	0.1901885156
07/04/2003	12.79575664	0.3896875887	0.3433979071	4.7044072167	0.4197426313
14/04/2003	99.2598488761	0.1700552151	0.4150706813	1.3634542309	5.3337797441
22/04/2003	54.4537752119	0.6142656825	3.0575809086	9.0379987794	10.0967186759
06/05/2003	3.8014812461	1.7446814298	0.6473499863	8.6429852181	7.4366506291
12/05/2003	2.6978331078	2.1785379907	0.4469104331	6.404031324	0.3852500947
03/06/2003	2.6518282362	0.8010564206	0.5910684198	13.3266526354	0
09/06/2003	7.4638856719	1.2069087671	1.2031643855	1.6361450771	17.9701117123
16/06/2003	4.0445522283	11.9328868934	4.2620790602	0.0486362149	41.0444802591
23/06/2003	10.1992194471	59.4681510087	4.669282717	3.0583384059	48.384143888
30/06/2003	10.8339087328	126.2084038576	1.599435031	0	8.5014696959
07/07/2003	27.1116484692	54.7968521394	2.4175156463	2.4542176157	0.3991304845
14/07/2003	2.1191579487	5.5081141059	3.8870298562	2.7269084618	0
21/07/2003	6.1949828557	3.8474233775	0.9486976764	0	1.0358522538
28/07/2003	9.5462598191	3.8706382401	0.6962833805	1.6361450771	0
04/08/2003	40.2550119553	1.616091786	0.7196098656	2.5905630387	0
11/08/2003	6.3775532695	25.6415606884	0.6966090945	0	1.4447645663
20/08/2003	0.1854189817	4.1651516595	0.6565665869	0.8180725386	3.0152881267
27/08/2003	5.9597486904	2.7836481834	3.9429086636	2.2192951183	1.129678624
02/09/2003	9.7827943983	0.9442757957	0.2540810359	1.2901438812	1.5051306185
11/09/2003	5.6628793457	1.8284323263	2.6555367873	22.0146481912	1.8063524433
15/09/2003	4.1263880399	0.2268039262	0.8226459393	4.252989199	0
24/09/2003	20.4432122753	0.7212164703	0.3274000294	3.0768929166	0.3991304845
29/09/2003	15.8648144242	0.0527025281	0.8574032707	0.0772936086	4.3191850703
13/10/2003	8.6219650376	0.1369392807	0.6599901466	0.3306610526	2.2099379553
21/10/2003	14.1709655465	0.3743384515	0.2822519668	0.5647050945	0.568271547
27/10/2003	18.2262821502	0.160887522	0.9895482605	1.6747918814	1.5030711904
06/11/2003	2.45178862	0	0.243875836	0.4670064757	0.0680884522
10/11/2003	10.2197958413	1.6258515905	0.52265884	0.3306610526	0.765173389
24/11/2003	9.8236750338	0.0246236106	0.1188683209	0.2726908462	0.3825866945
10/12/2003	2.1031769807	0.0527025281	0.1069814888	0.7203739198	0
15/12/2003	0.9370349706	0.1131065251	0.2895907939	1.2657556121	0.6267859917
21/01/2004	10.6176229153	0.3385963928	0.3371381222	0.6817271155	0.4687031154
28/01/2004	2.9813312651	0.0280789175	0.0698049909	0.4090362693	0
12/02/2004	0.2713256507	0	0.3418819054	1.499799654	0.1995652422
16/02/2004	0.2249906687	0.2339580133	0.3731149873	0.3499844548	0.2285348909
23/02/2004	8.8747927307	0.1004740395	0.2598737136	4.24494991	0
01/03/2004	0.8375336464	0.1586549661	0.5378940442	3.2722901542	0.8263512339
08/03/2004	0.9103041656	0	0.4848402593	2.5121878221	0.1995652422
29/03/2004	4.6111230432	0.2389950302	0.3731149873	1.5191230562	0.4394581572
13/04/2004	10.6113091903	0.4125490466	0.8656104425	28.2156157596	1.9157548532
22/04/2004	4.1190603138	0.4529060567	1.6994209078	8.7754465073	1.7098368614
26/04/2004	0.7309951475	0.3416921402	2.4501721745	9.7146113953	1.0949588489
17/05/2004	2.1870189595	1.7879712831	10.7271662951	0.6870623844	1.66461039
24/05/2004	39.9402642918	4.0975035301	0.56262616	2.5905630387	0
02/06/2004	67.4839830696	0.9841367829	1.7297707257	3.7277476366	0.3991304845
07/06/2004	18.4732405509	1.5200551171	0.9200502933	4.2733995765	0.6283972557
14/06/2004	9.3678799487	0.7013802291	0.0653775765	1.7289875034	0.8305193046
21/06/2004	29.6583054495	0.237015433	0.586390479	0.5018786956	0
06/07/2004	50.9172302142	0.7048034721	0.0653775765	0	0.5986957267
12/07/2004	24.2555238429	4.5431717354	0.1248117369	0.7745695418	25.5807247593
21/07/2004	13.6983739817	22.7335595536	0.5641328165	20.1426081656	1.8273512608
02/08/2004	7.7212505779	13.9135088216	0.2973665804	0	0.0350739401
09/08/2004	0.5420147964	48.3806857437	0.005943416	0.5570545575	0.1995652422
16/08/2004	0.2518278016	37.7608096979	0.005943416	0.2291878494	0
25/08/2004	8.3144602592	4.5203444526	0.3624277881	0.0464212131	0
31/08/2004	13.2279452926	24.8102143618	0.7633068944	0.8523929107	1.1354151519
06/09/2004	1.6987988441	1.2633513475	0.0178302481	0	0
21/09/2004	8.4282737073	0.8249446866	0.2866793812	2.1815267695	0.1995652422
27/09/2004	3.3228367842	0.6797997785	0.5683644527	1.9088359233	0
18/10/2004	0.234348158	0.2306412869	0.6607434749	1.3634542309	0
26/10/2004	0.8919250184	0	0.2301566334	0.4476830736	0
01/11/2004	1.4408095182	0.0527025281	0.2450754688	2.2394969759	0
09/11/2004	1.0080266356	0.2270039052	0.3238558791	1.0317115703	0.1942652754
16/11/2004	1.0540361418	0.1650181983	0.0416039123	0.1363454231	0.1812496207
23/11/2004	1.0882067677	0.342804227	0.0416039123	0	1.4499969656
29/11/2004	1.6698696891	0	0.0237736642	0.8180725386	0.0680884522
06/12/2004	0.9161140123	0.3293610273	0.0832078246	0.1363454231	0.4305876936
13/12/2004	2.5380942374	0.1131065251	0.005943416	0	0.0680884522
20/12/2004	1.1195643644	0.0246236106	0.0118868321	0	0
06/01/2005	2.7598049897	0.1344737724	0.0233946638	0	0.2362779634
19/01/2005	1.1111654794	0.0921576823	0.0784202067	0.0464212131	1.5517964899
24/01/2005	1.1597835167	0.0565532626	0.0493820351	0	0.2676283649
31/01/2005	2.4514865027	0.3190305069	0.0400879106	0	0.3741765769
07/02/2005	1.9687197065	0.1002269208	0.0371162026	0.0048308505	0.108721516
15/02/2005	0.8072843065	0.2413179812	0.3238006936	0.1313793716	4.1993642778
22/02/2005	0.9477961941	0.2614220425	0.0434386191	0	3.2895654867
28/02/2005	1.5680569028	0.3934120181	0.1355012724	0.5453816924	0.3824700084
07/03/2005	1.188976799	0.5962357381	0.1767261843	0.306777202	0.4377107949
15/03/2005	2.4769642497	0.3173269893	0.2953600022	0.4380213725	1.7987181075
21/03/2005	1.1978160367	0.2491426811	0.4618735405	0.3357623052	0.5617561674
29/03/2005	3.4594222501	0.9075489243	0.0835566774	1.5239539067	3.8189685286
04/04/2005	1.3550287297	0.7686372298	0.0950946567	2.5977966435	2.69595014
11/04/2005	2.910205822	0.8556958789	0.1422817815	1.3417027325	3.7157373909
18/04/2005	40.465808407	0.92672387	0.1308530421	1.0912535048	8.6473223399
26/04/2005	3.4188698771	1.7753164597	0.0178302481	1.7695215999	2.0941440482
04/05/2005	19.4377848382	1.00065703	0.0519747427	0.8239089712	3.2074065671
09/05/2005	8.6956358146	2.9477180048	0.2926693521	3.1115200764	4.3366163116
16/05/2005	25.9818165468	1.0282866543	0.0705026964	1.2205763096	6.0841330183
25/05/2005	37.073623558	6.8222434597	0.0259873714	0.8544151184	14.9644523541
01/06/2005	0.7252390758	196.9371323491	1.0241083704	30.4880036553	59.2241908725
06/06/2005	1.2367276524	56.8136949629	0.0319307874	11.8518345421	8.7022198236
13/06/2005	6.7073462029	39.524806079	0.1018939627	15.1661674151	21.1273832401
20/06/2005	9.1490311108	10.1076153168	0.005943416	0.2785272788	2.9501534886
27/06/2005	20.3734709263	12.0739121603	0.1254491471	2.03211635	16.8182756267
04/07/2005	14.3510691754	6.0711054667	0.110590607	0.3810314061	4.2938105007
11/07/2005	19.027932278	14.0886519631	0.1708399695	0.7862424069	9.3550621147
25/07/2005	70.0149556534	115.7507414276	0.2847186533	0.678391967	107.9165622603
01/08/2005	47.1474446423	310.3487441642	0.2235696189	0.0928424263	8.555706456
08/08/2005	23.0054253542	14.2480778782	0.0840637145	0.8180725386	10.7975007253
15/08/2005	33.3586647999	2.7159396228	0.0482450339	0.6817271155	6.2000899816
30/08/2005	0.4808241603	19.61046076	0.1493809957	0.0928424263	21.4867420584
05/09/2005	0.4756358945	2.8967734806	0.0319307874	0.0681727115	24.6136122755
12/09/2005	0.0678964484	2.5616312864	0.0870354226	0	20.5731784753
19/09/2005	27.8806605796	23.5841759207	0.5701242743	1.0157529304	7.612289516
26/09/2005	19.0105227979	0.8173284683	0.0497610355	0.1363454231	0.5989133668
03/10/2005	8.7423365381	0.7544063502	0.133642935	0.0339798085	7.2320501102
10/10/2005	7.0534996416	0.5658623756	0.0779621141	0.3306610526	0.5328174849
17/10/2005	0.7321717255	0.3280170002	0.0668332828	0.1460071242	0.1727643917
07/11/2005	1.2740163691	0.1433909611	0.072018698	0	0.1142828185
15/11/2005	0.605104837	0	0.0349024954	0.1363454231	0.0407990878
22/11/2005	1.1481863935	0.1723749241	0.0371162026	0	0.5007787834
28/11/2005	0.7447014425	0.1149166161	0.0430596187	0.0681727115	0.3963870601
05/12/2005	1.5725967642	0.1136161431	0.0512167419	0	0.0271115527
12/12/2005	3.3214652917	0.1717246877	0.0913046525	0	0.0622394801
19/12/2005	2.1192140702	0.1149166161	0.0731255516	0	0.1899279741
03/01/2006	3.2925936936	0.2190211994	0.002971708	0.0121590537	0.555126144
09/01/2006	2.8172037387	0	0.0089151241	0	0.1452140886
16/01/2006	1.9527338298	0.1697739782	0.0241225169	0.0681727115	0.2705117394
23/01/2006	1.5887230661	1.0021440399	0.0319307874	0.0681727115	2.4028285223
06/02/2006	0.9815681053	0.1366792908	0.0668332828	0	0.0356113385
13/02/2006	1.2866905352	0.2298332322	0.1427398742	0	0.3178210523
21/02/2006	1.4734727022	0.7235472772	0.1153137318	0.0426079447	0.2865237891
27/02/2006	4.1093897619	0.096418563	0.1018939627	0.1724397184	0.8637052726
06/03/2006	1.7672043079	0.1723749241	0.0497610355	0.0681727115	0.1858856207
15/03/2006	17.6556294202	0.3119151508	4.1519642379	3.0677720196	1.8351869828
20/03/2006	2.277999423	0.1395402267	0.0764762601	0.443122625	0.9056584639
29/03/2006	4.6754690813	0.1038445934	0.2830099676	1.8183709093	0.3728529409
03/04/2006	2.9670023321	0.2979821923	1.4988849524	3.8466569498	0.1363235999
11/04/2006	10.3789757422	1.1172687961	0.3715613919	1.4015602312	6.6219838998
18/04/2006	117.8218125624	2.5364970559	0.362842046	1.5328006363	7.6224883304
25/04/2006	32.7572688862	1.9916290157	0.3607865232	32.8230296626	6.8000270823
04/05/2006	80.0036606436	1.1212192298	0.1011359618	56.128756733	0.682150767
08/05/2006	13.2224077765	0.3638115059	0.1099531968	9.883503944	0.4737114561
15/05/2006	1.4838733882	0.9984494405	0.1946167278	15.3317010236	0.7836600994
23/05/2006	0.7240463254	0.9479086576	0.1004721338	5.7849863008	9.4548731237
06/06/2006	21.9114557024	1.8861109639	0.0237736642	1.9140979155	11.9688116148
12/06/2006	2.0321618301	3.4718713629	0.0345286184	1.658045026	2.6000530593
20/06/2006	6.0855500737	5.3948944601	0.0794781158	0.6462558767	6.7295177202
27/06/2006	2.6416991036	31.2343421362	0.0341444946	0.5058945746	18.0954921626
03/07/2006	1.6337424104	26.5324942869	9.8736222839	5.5563210511	22.2879256225
10/07/2006	7.2270402599	18.2456751393	5.0390552044	4.5922413883	35.4186954285
17/07/2006	3.7305553585	6.8808681613	2.2772498012	4.3688899716	38.967586526
07/08/2006	14.3243719535	1.4053656187	0.1547848906	2.3918813367	4.7368547349
14/08/2006	63.2041359031	4.0378892171	1.7857233155	1.4809663719	20.0136369839
21/08/2006	7.9195352458	20.8739275218	5.070919739	5.5677772002	20.3503036368
29/08/2006	95.176011277	7.3998929966	0.9060099289	8.195633263	10.9443936821
04/09/2006	13.0934627706	33.9037944622	2.6589980396	8.1824302821	6.8116350354
12/09/2006	1.8074325335	10.3459162275	0.2258384589	2.029789503	23.3952475937
25/09/2006	3.2564691239	3.3373317755	2.0388703809	1.2794396414	9.3626760329
03/10/2006	7.9052831248	1.0725526596	1.2495809717	2.1801120156	8.3077110231
09/10/2006	5.4383314268	0.3443554036	0.0430596187	0.3451282623	4.8707846551
30/10/2006	0.9757092002	1.1059276797	0.3290902388	2.1605809553	4.4360808674
06/11/2006	4.893015844	0.4563901491	0.5626323637	0.3036838889	2.6342017833
12/12/2006	1.0066283401	0.2004538417	0.0513259818	0.0681727115	0.3537821956
18/12/2006	0.7155909508	0.285333866	0.1867971065	0.8180725386	0.6098728138
15/01/2007	1.4619731392	62.5265586055	0.2987182094	0	3.3285912732
22/01/2007	0.6453585849	0.1357742454	0.0876841835	0	0.9928952815
29/01/2007	0.8849678343	0.1956980618	0.3663765525	0.2823525473	0.6909458844
05/02/2007	0.5282107117	0.5074677231	0.2581345597	0.0681727115	1.238141475
16/02/2007	0.7957753923	0.2298332322	0.3614842287	0.2045181346	2.2989700162
20/02/2007	1.2056796107	0.2298332322	0.2275012942	0	0.0928424263
26/02/2007	0.5941227524	1.0058340399	0.623018388	0.1363454231	1.0017040073
07/03/2007	0.8536534633	0.8703841033	0.4516495437	0.4868706819	2.1206378646
12/03/2007	0.5837514277	0.5158166823	1.2625931544	1.3634542309	1.9593057327
20/03/2007	0.7766730926	1.2151339516	0.68676844	0.4090362693	3.5125587874
26/03/2007	1.3197689414	0.8703841033	0.5015687636	0	5.7744986101
10/04/2007	0.2053649911	0.5652321867	12.8949158831	3.1456064322	2.1709653914
16/04/2007	0.7798588649	0.9767912368	3.9502287316	4.6850838145	6.8673948858
23/04/2007	3.6708536703	0.4022081563	0.661282996	4.3232744426	1.1747836495
30/04/2007	5.35400316	0.1723749241	3.8012315214	2.6441671727	3.5292475079
08/05/2007	2.4279913171	1.6369115428	5.5828676074	2.6655524229	14.5703408931
21/05/2007	9.8148314316	0.2872915402	1.8817091715	0.1068195158	2.860269333
04/06/2007	3.3247213451	0.4596455702	0.483203667	0.3408635577	11.3955645487
11/06/2007	13.9195090715	1.7893114623	0.9370637321	0.5265484102	16.8349591945
25/06/2007	40.5723515805	2.3766794667	3.2410795185	2.0023590802	25.8410483267
09/07/2007	174.2490144205	2.0115026449	1.5410840713	2.3907415138	25.917469715
16/07/2007	96.9653718867	5.4196553318	2.2100400791	2.5702397402	49.6999927838
23/07/2007	45.8796985026	13.0181454264	4.5334402314	6.2769983207	26.4031378922
30/07/2007	22.8542168939	6.3795566477	8.3640818908	3.1699324026	5.4217507847
06/08/2007	0.5000746371	0.9862906297	2.8398434972	0.1068195158	1.7934602219
13/08/2007	3.1039751273	6.3906802756	7.9372793531	0.7788849302	7.687944737
20/08/2007	6.3947578716	1.2210753139	2.2250106332	2.1879436465	0.9742520705
03/09/2007	10.1643271652	1.7055065672	1.5889975861	3.6050526954	3.4865554633
10/09/2007	2.1128818594	1.0530047854	3.4636896194	3.4880196308	0.5714277439
17/09/2007	10.9692550532	0.6139209017	0.2484053213	0.6903072085	4.5492662397
02/10/2007	5.5599206855	0.2790804534	0.5093486253	0.0676319075	6.5450651541
08/10/2007	2.4007529209	0.3413428132	0.5977890175	0.9152303533	4.09162861
25/10/2007	1.6990570616	0.0561578351	0.2514331428	0.4283596714	1.4201964617
30/10/2007	1.8800756041	0.3285401685	0.2057831528	0.0681727115	2.2552599636
12/11/2007	1.5331914894	0.057458308	0.115994502	0.1653305263	0.4012885924
22/11/2007	1.8909262678	0.1149166161	0.3672426224	0.7788849302	0.3867314535
26/11/2007	1.2718012467	0.1052595668	0.1011359618	0.4090362693	0.3832816078
11/12/2007	1.6170748303	0.1149166161	0.0371162026	0	0.4047921363
28/01/2008	0.2685883098	0.3447498483	0.4542445876	0.4868706819	0.5113620031
13/02/2008	2.1167671651	0.1366792908	0.2101225899	0.3408635577	0.2215805171
20/02/2008	1.2874117832	0.2515959069	0.2300963381	0	0.8258865988
27/02/2008	0.2216309785	0.4239708311	0.4690655339	0.6033518988	2.9133296215
05/03/2008	0.3068503083	0.1723749241	0.4935369036	1.5437927709	1.4912550297
17/03/2008	6.186468035	0.4596664644	0.4409020491	0.5453816924	0.3835507663
31/03/2008	12.1090045876	0.1149166161	1.2317220456	0.9834030649	1.3094161047
07/04/2008	6.0971108167	0.1149166161	1.0161678788	0.4186979704	0.6243089302
14/04/2008	6.2842965739	0	0.1946029874	1.7962678036	0.2785272788
21/04/2008	0.4401718469	0.3447498483	0.9895711324	1.0907633847	1.5871554515
28/04/2008	5.4447204538	1.6344019361	3.4959944483	3.7591608361	17.3483812864
06/05/2008	6.9115074145	1.5508646992	1.4470142714	11.4791556145	5.2265471089
12/05/2008	12.9207458717	2.2345543274	0.3130810104	165.0732671943	1.8224898046
19/05/2008	4.1608999345	2.1139983708	0.8502451957	4.0772644752	3.5005535235
28/05/2008	6.191151657	1.2706678405	0.8071897589	1.0922337448	5.3085661966
02/06/2008	22.4822950139	1.1576756435	0.1900786346	0.7165486513	3.1290010993
09/06/2008	112.4328520281	1.77978229	0.8683787151	3.4126072215	14.4722844105
16/06/2008	14.0366221297	4.0508998178	3.3499324769	2.0825041663	28.3667898092
23/06/2008	28.569562733	3.5460958295	1.7687326883	2.7377474627	8.3829748273
30/06/2008	38.4930114686	0.5455991174	0.2267940301	0.6817271155	8.8333334084
14/07/2008	35.0524394468	26.4852175898	0.4951709314	6.1457194058	61.3532909346
21/07/2008	41.4216078823	36.793632119	0.5047324268	12.6289781771	130.4263989965
28/07/2008	2.43673305	1.6039132337	0.8614856565	1.2656467132	6.5565860987
20/08/2008	7.9476111279	15.6764471629	1.4887605301	0.5013378916	74.8733331766
26/08/2008	227.0525777963	1.7803186412	1.4394977308	2.635035232	57.607339715
02/09/2008	22.1921333721	0.9380590712	2.4860038913	1.6999913565	35.3462644604
10/09/2008	37.1670912131	4.3760051674	2.6580745162	0.649807542	104.5995135195
15/09/2008	1.9671788007	2.3063180164	1.6426264471	2.9560777367	32.592984334
22/09/2008	3.6213851907	1.7479173325	1.4096233689	5.998657812	7.2648286451
06/10/2008	2.5486855332	0.1723679594	0.1501389965	0.4670064757	2.0991707592
13/10/2008	4.3685244044	0.5091050121	1.1083330938	2.0156554391	3.1584090064
21/10/2008	11.9754484374	1.0840876935	0.5745686148	0.7386157139	7.6625699268
27/10/2008	10.5783372939	6.0128530153	0.4897934543	2.4826619149	7.7537207814
03/11/2008	2.3560641575	0.1643551638	0.0772041133	0.6033518988	11.0998155292
17/11/2008	0.3057279993	0.366512523	0.2018952595	0.0681727115	3.899927955
26/11/2008	0.7494080632	0.1149166161	0.2057831528	0.2045181346	0.6294365721
01/12/2008	0.9911904038	0.1723749241	0.2792575572	1.2367705089	0.1684304773
08/12/2008	0.7647660092	0.057458308	0.2088617111	0	0.4578752909
15/12/2008	0.7352537931	0.057458308	0.0541884499	0.0193234022	0.1002686774
22/12/2008	0.7112340681	0.1149166161	0.0200439553	0.1363454231	0.1352792199
05/01/2009	0.8763647902	0.057458308	0.0935183597	0.1121658285	0.0230696932
13/01/2009	0.7158828776	0.1723749241	0.1143203159	0.1460071242	0.0585425944
21/01/2009	0.7673583261	0.057458308	0.115994502	0.0193234022	0.325479857
26/01/2009	1.1080091214	0.4022081563	0.185041492	0.0289851032	0.2945974732
11/02/2009	3.6306787239	0	0.2169119841	0	0.6364320782
16/02/2009	0.3464240812	0.057458308	0.22498113	0.0193234022	0.1999668077
23/02/2009	0.4617606306	0.8458281353	0.4164306794	0.228295438	1.4299273263
02/03/2009	0.5759945244	0.9603452279	0.5624586304	0.6516604042	0.2948244042
09/03/2009	1.3309807284	1.1880718979	0.5107673353	3.7972668364	0.5632944118
16/03/2009	1.8785663214	1.4795695977	1.0803749912	1.3516293138	1.6155619668
23/03/2009	0.5128390914	2.2851916005	0.7024688218	3.503089372	1.7364880586
30/03/2009	1.9719765589	1.0874947286	0.2593759681	3.3007344534	0.5265330866
14/04/2009	6.3735167458	1.2045179068	1.3977005979	1.7333028919	1.0724991437
21/04/2009	0.8876000256	1.3160274878	2.4696722587	3.1445248242	2.4761643324
27/04/2009	18.6382631693	1.7932365379	1.8101233908	1.6757721214	1.6598213243
05/05/2009	5.3623602025	1.6415237431	0.9423171635	0.7310665449	0.8596059698
13/05/2009	77.801218273	4.0273064423	4.1570391763	3.2656198573	9.9841102237
02/06/2009	21.5238426818	4.697730134	1.6580339161	3.8701997398	25.4303813948
08/06/2009	2.9055676668	9.284935292	1.2552887354	8.1000963195	22.5060234608
15/06/2009	0.8741109346	4.2925867255	1.9324812661	3.3663098802	18.3910916448
22/06/2009	31.8742969015	4.6830663997	2.2955871078	4.8732699512	10.4207972724
29/06/2009	22.244457983	9.7807116968	4.4131931413	17.868635765	27.0754993534
07/07/2009	8.6555067756	10.0076658341	2.2995122526	11.1407933409	46.4894157748
13/07/2009	5.0312493159	8.5549847259	2.0814292377	7.1071275542	33.6084312214
20/07/2009	29.7275384189	8.8000784884	0.6122342504	2.6080723365	12.5968705166
27/07/2009	18.4916551098	3.0414603087	1.5113661787	2.5250822219	15.4608929289
11/08/2009	6.7130951357	3.3675845435	5.60302515	2.7309243409	9.3522988697
17/08/2009	2.2071998838	4.1057421342	2.6652672053	3.1560241264	1.6440391238
24/08/2009	5.0978627793	604.978417269	0.6088109985	1.9065562774	2.5418923325
01/09/2009	2.6167645932	293.6148458508	0.9437229587	2.0692766208	6.9669392003
07/09/2009	10.088307328	273.9318675055	0.9358911655	1.6905558882	7.5594548066
14/09/2009	8.6009228849	23.4046384382	0.9041102227	0.4772089808	4.9283634177
22/09/2009	18.6157788133	2.820619304	1.0399547326	0.2141798357	4.4113596034
28/09/2009	2.3755217188	2.9229250916	1.5250924025	2.0773420152	12.5107899743
07/10/2009	16.8121687906	2.5002726445	0.5009736198	0.1068195158	6.9679895759
12/10/2009	1.8695393982	14.2629481205	1.0367278166	0.369848661	11.1935197233
19/10/2009	5.3279959586	0.6527463131	0.306537778	0.2767067252	4.0222839747
26/10/2009	2.6127489301	1.0232322753	0.6095425815	0.4186979704	1.8097131752
09/11/2009	2.0285216243	0.691938939	0.3275025911	0.4227138494	0.1089608878
01/12/2009	6.5479100754	0.0561578351	0.0373082645	0.0681727115	0
09/12/2009	1.1137352314	0	0.0172643092	0.0681727115	0
15/12/2009	1.3882712358	0.1136161431	0.0141005393	0.1363454231	0.1851376588
21/12/2009	0.2800928202	0.0217626748	0.0751485905	0.0681727115	0.0230696932
04/01/2010	0.9344179258	0	0.0482450339	0.0193234022	0.0407990878
11/01/2010	0.4139523394	0.1436422877	0.1510551818	0	0.0022592961
18/01/2010	0.4161272613	0.0217626748	0.0810920065	0.0340863558	0.140329377
26/01/2010	0.2357894993	0.3320699713	0.3591685738	0.0241542527	1.3724617816
01/02/2010	0.9454085079	0	0.0664241348	0	0.1681580715
08/02/2010	1.5559269707	0.142592489	0.2267432934	0.2823525473	0.5285368081
15/02/2010	0.3641777954	0.3688150771	0.2798550374	0.1945860316	0.4522341038
25/02/2010	1.2874840622	0.1832562615	0.2779901829	0.3085147395	0.1718882467
01/03/2010	0.5251164608	0.2354042164	0.4857940383	0.2482661915	0.4469198782
08/03/2010	1.3475106326	0.2851849781	0.2320379484	0.2482661915	0.1538235796
15/03/2010	2.8654901044	0.028729154	0.6171541175	0.7740540797	0.33148265
23/03/2010	10.7993357102	0.5026457146	3.2597634967	5.2772022842	6.9448154966
07/04/2010	10.5254946728	0.9470088017	0.3518111038	2.500903709	2.998864026
12/04/2010	8.6679464892	1.6641177244	0.7873045854	0.6130135999	6.2216545339
19/04/2010	10.5219561448	1.402455177	1.2733316878	4.2261673118	2.6440060257
26/04/2010	8.7253205876	2.5577594917	2.793877672	7.5563769886	8.6483009706
04/05/2010	9.3447190629	1.3492099933	1.6988310032	0.4090362693	7.0484481332
10/05/2010	7.4495104247	1.383557964	0.6532145554	0.7348664714	2.8937691233
17/05/2010	25.4070661934	1.03833541	1.3652731366	1.4799354478	18.4316899618
24/05/2010	15.0265177463	0.2298332322	0.1264256277	0.5453816924	106.2688318012
02/06/2010	4.0416021138	0.0820819186	0.3603609145	1.4168639888	9.6187893874
07/06/2010	0.9706397839	0.0738708318	0.573482879	0.306777202	0.493673643
14/06/2010	0.0013379488	0.1149131337	0.2049762074	0.3116080525	0.1392636394
21/06/2010	1.3713634468	0.6788174582	0.4836201072	1.2321847184	21.6302494714
29/06/2010	0.0984381239	0.6812363742	0.3805378625	2.5253085435	15.4605083814
05/07/2010	0.0672613032	0.2313440913	1.9860237948	3.523474562	18.6614772142
12/07/2010	2.1102828749	1.7899947592	3.6485627515	2.2029980377	4.6715804238
19/07/2010	3.2224299041	0.6797980926	1.4645574875	2.0293330192	4.6808511258
26/07/2010	14.4887227973	109.8383086557	4.5525053754	0.4583756987	8.3174777751
03/08/2010	17.9202731974	6.2778004115	2.8961706495	1.9571444287	1.0558973768
11/08/2010	8.3445328425	1.4593399415	1.9828961166	1.7821522013	5.6201896943
16/08/2010	4.4786996464	0.6361077014	1.1098909778	1.9339957581	2.657473838
31/08/2010	20.7054866897	1.3139255143	0.7249862797	1.4498687366	5.800848598
06/09/2010	8.007494733	3.7588828381	0.6839035822	0.495991579	7.4132750286
13/09/2010	37.480352317	1.9151158642	0.44721735	0.378969558	2.8342700851
20/09/2010	25.1985371356	1.2799690424	2.4339511139	0.4524885822	16.845884161
27/09/2010	47.9034716985	1.0903283489	1.2554992941	0.622675301	9.2428673799
04/10/2010	23.1819855095	0.545001311	2.2112062858	5.0828866547	3.3540138038
13/10/2010	2.5329842445	0.1956980618	1.0228796982	0.4868706819	1.1562275754
18/10/2010	1.0851518405	0.5291121097	0.5732107976	0.126142918	2.0343693469
25/10/2010	2.5768975374	0.5000633126	0.4895284197	0.2045181346	0.1811236069
01/11/2010	1.6133358368	0.3599376835	0.3626468437	0.0340863558	0.3143692131
10/11/2010	2.3444202124	0	0.3453305029	0.3456944083	1.4001993182
16/11/2010	1.4058675756	0.0820784363	0.2449525419	0.3456944083	0.979849362
22/11/2010	0.6246019176	0.0574513433	0.2686937222	0.2141798357	0.4118083101
30/11/2010	5.7346636808	0.0568045892	0.1301741334	0.1411762736	0.0022592961
06/12/2010	1.3446779993	0.1382362713	0.2381720328	0.0340863558	0.177361054
13/12/2010	1.3185579698	0.1341307279	0.276692661	0.0681727115	0.6051016432
06/01/2011	4.5396689874	0.1500044531	0.5633748157	0.0805075689	1.0506614615
17/01/2011	1.4903459031	0.2832816601	0.2263944406	0.0096617011	0.3023615019
25/01/2011	5.3713962912	0.2250635228	0.2168839807	0.1022590673	0.1762362651
31/01/2011	0.7794413569	0.4785574508	0.6684589127	0.0681727115	0.5399761601
08/02/2011	0.9656730252	0.2949138888	0.4900352649	0.2509393477	0.4048193256
14/02/2011	4.853126733	0.3436826377	0.3557616287	0.1704317789	1.0558675996
22/02/2011	0.2747009862	0.5534669829	0.0981385867	1.3951124904	0.4443491663
28/02/2011	0.4654010746	0.1967943476	0.398630579	0.1972591878	0.6618287918
07/03/2011	0.4369551055	0.319693352	0.3973843379	0.3408635577	1.490045871
14/03/2011	2.34081951	2.7829367172	0.3085118189	2.4707197191	4.3374581888
22/03/2011	5.9761034016	0.9266904284	0.8194289213	0.2726908462	1.8410388294
28/03/2011	5.6755967073	1.3561152838	0.3579428519	0.9203316059	0.2559184104
06/04/2011	43.6298226473	1.7778013416	0.9378736179	1.969749688	1.1967290416
11/04/2011	7.6871607527	1.2818050676	1.9525793267	1.7139794897	0.5304570002
26/04/2011	7.9511326293	2.384715603	2.3166990269	0.3872847708	1.2167879143
11/05/2011	0.5698802559	0.1100466456	4.1386216505	15.4069821254	1.3272501669
16/05/2011	0.2500239929	0.0217626748	2.2630222606	67.5957430163	0.1122095267
24/05/2011	33.6024367933	2.3712301746	2.0406508076	2.8627130809	2.5314004544
01/06/2011	19.6629359486	2.5107718131	0.9009966988	1.0627585215	11.5774689285
06/06/2011	2.1956896875	5.9814739676	1.1578903407	0.1363454231	5.8140153927
14/06/2011	62.971605386	4.7708180959	1.0944976959	2.4002190534	15.0284713946
20/06/2011	37.3612773085	11.9876098522	4.7654695548	3.0157846214	41.9343225596
27/06/2011	64.6792515828	3.4538522694	3.390247349	3.0269609174	17.0157043365
04/07/2011	26.3019117391	11.0871269663	2.9239755452	4.9721394206	22.4273896022
11/07/2011	11.468435552	5.2340302414	4.8510269612	2.2167295264	32.3688931222
19/07/2011	2.12415734	1.7870092897	0.7956717634	0.4623915778	5.6161837727
01/08/2011	3.1865481965	9.500674495	4.978861948	5.420890895	4.2741978293
08/08/2011	6.0244410423	6.6830042469	1.2016314732	4.775156475	8.7796063786
15/08/2011	4.1791217096	3.8377482529	2.9962369742	0.749899827	4.2115576513
22/08/2011	46.5891402	3.1033399861	3.6744721478	0.2045181346	3.9829051115
30/08/2011	71.7497951231	3.8152100837	4.3276518195	0.2624883411	4.6220629069
15/09/2011	5.7676765301	1.0812257075	1.6718838027	0.251745032	1.7387001583
19/09/2011	1.1241708377	0.452473496	0.670217607	0.1164812169	0.8302452223
26/09/2011	36.0574920692	2.7338608167	3.1739432744	0.3403227537	2.6231093708
03/10/2011	5.0456873669	0.1688437999	0.496708817	0.2090785832	0.3603416749
12/10/2011	1.4802142697	0.0427115175	0.6502801958	1.5679723656	0.4599565689
17/10/2011	0.5539390951	0.1718653061	0.8736606621	9.6268448796	1.2914420386
25/10/2011	1.8893992888	0.1639164899	0.413728732	3.4864699899	0.2567352496
01/11/2011	1.8294909203	0.4901717007	0.6166267364	4.1681971054	1.494464304
08/11/2011	4.2571691957	0.4358793259	0.3531387734	2.8874081376	0.9381363477
16/11/2011	5.1493774433	0.7431144813	0.3145692007	0.1875974867	1.5209936219
21/11/2011	3.8696561991	0.6160036261	0.3812909074	0.0805075689	1.0058356238
09/01/2012	0.5248088057	0.226575085	0.324828455	0.1486802804	0.8344489576
16/01/2012	0.4062173476	0.057458308	0.3325251493	0.0681727115	0.2836223782
23/01/2012	0.562251338	0.2989376748	0.4435225681	0.1070899179	0.8822295071
30/01/2012	0.4552914877	0.1723749241	0.4054901803	0.0730035621	0.5529138231
07/02/2012	0.2539258275	0.3430425222	0.3749661547	0.1752626294	0.5141039933
13/02/2012	0.2007766025	0.1859618602	0.3250167871	0.1022590673	0.2586126904
20/02/2012	0.424899774	0.3771320867	0.5147832653	0.2726908462	1.1477150491
27/02/2012	0.5825335761	0.4743788364	0.6924955206	0.3846116146	0.5515904353
06/03/2012	2.2495714252	1.1500023315	1.2453851347	1.6023037814	0.9288343254
13/03/2012	3.3105773891	0.9449564002	0.551543745	0.6485633258	1.4461383209
19/03/2012	3.1760004742	0.7826174385	0.3837997969	1.373115932	2.4791560515
26/03/2012	13.8727145317	0.5363618298	2.0904408401	0.4868706819	1.0580104183
02/04/2012	57.5336166108	1.2103037322	2.2589830632	1.49925885	6.6382388457
11/04/2012	101.7497931539	0.8821785336	0.6251954521	0.2335032379	15.1279523887
16/04/2012	62.9555294496	4.3484968075	1.0812307578	0.3631051762	12.9474674069
24/04/2012	93.6639146421	2.513325171	2.0041207878	1.3290721312	13.8258187436
01/05/2012	53.6981290727	1.5739283079	3.8218447134	1.1454887671	1.4707362021
08/05/2012	65.2937421273	1.9458954738	3.0429565559	7.8288079656	8.4523911998
14/05/2012	68.6436760478	2.344486039	1.2095712333	1.7529611375	7.2366143089
21/05/2012	132.1998823708	1.6464938723	1.0204983547	0.9317055025	5.9692580594
28/05/2012	53.6875576757	6.2833251099	1.7213735091	1.1879211995	13.8927435652
11/06/2012	44.8807361213	2.8337331992	1.4349627313	0.8717273565	12.6196592254
18/06/2012	38.3489222966	2.4154778016	2.3023104459	0.4095263893	9.4377299203
25/06/2012	42.1886266741	1.8133715311	1.7665688771	0.5308637988	25.4968439866
02/07/2012	15.618240998	3.1461014974	0.7253370565	1.0815918037	10.6656542424
09/07/2012	7.1829758207	3.7968684719	3.9152843526	1.1637416049	3.966185561
23/07/2012	10.7132458804	15.53501644	2.6317571745	1.4316269425	9.7601417789
30/07/2012	15.4171702564	73.4277579297	3.0713803281	0.4868706819	11.973808022
06/08/2012	17.5464752515	3.7251542098	8.1265609024	1.2657556121	14.1086072127
14/08/2012	12.9087068654	13.3013351636	3.0579875459	1.3590881584	10.3660884194
20/08/2012	1.1961775927	3.3957442186	2.046114647	26.7191798854	3.4868526276
03/09/2012	137.4661188171	0.8618746207	1.6526478809	1.6141176549	3.6549832697
10/09/2012	3.147295743	4.888672021	3.9238391429	0.0483085054	4.1390162628
17/09/2012	18.3600943729	10.7305138196	2.319465581	0.3682262489	21.5954031243
26/09/2012	11.2663824018	1.62780431	3.2513943017	1.182524203	5.4699537693
08/10/2012	45.4592844859	1.9888032358	0.1685087658	0.9978702745	2.2997141903
15/10/2012	0.7939721987	4.1892022817	1.028594232	0.6747077069	3.5605900907
22/10/2012	3.3953775162	2.8164390798	3.8768328784	3.0768929166	4.3761089874
30/10/2012	0.5157465237	0.5495826625	0.2123263853	0.0826652632	3.0383931016
07/11/2012	0.7941052592	2.0717605595	0.9380848435	1.5770932626	0.9781867229
14/11/2012	2.4870466542	1.0360158778	0.9778177516	0.6962196671	0.327783714
28/11/2012	2.3956246186	1.5390467024	0.5636022346	0.2045181346	0.1860701651
05/12/2012	1.1278795295	0.2572619132	0.0795270603	0	0.03355871
10/12/2012	1.3358473418	0.1707367665	0.2309612425	0.1508379747	0.2069771797
18/12/2012	0.8966297131	0.5036559283	0.3642676047	0.0681727115	0.3215869562
09/01/2013	0.2810607957	0.5362865012	0.7550574292	0.0437480568	0.5179565087
14/01/2013	0.6027160759	0.2278825227	0.319722132	0.0096617011	0.2757914316
21/01/2013	0.9891306853	0.3846209708	0.1740708451	0.0048308505	0.4401473196
07/02/2013	1.2607784002	0.2182066363	0.2497891044	0.5550433934	0.4778750964
11/02/2013	1.2686314308	0.057458308	0.3798516617	0.0340863558	0.676166852
19/02/2013	0.6946704888	0.1532266345	0.7685626326	0.0289851032	1.0720773992
25/02/2013	1.4459299641	0.3040518844	0.4659501878	0.2818117432	0.8752288859
13/03/2013	1.0107283685	0.5988651183	0.3762845644	0.2917438463	0.4810309981
19/03/2013	0.7965949384	0.4679433734	2.4467209736	2.4879971838	1.0708955816
25/03/2013	0.5632592869	0.434201932	0.485577052	0.1650601243	1.497355947
03/04/2013	0.9658179867	0.2575091051	0.4606505768	0.9683697092	0.9774357681
09/04/2013	0.5824248751	0.6715971976	0.5477394245	1.2601135556	1.3356080232
17/04/2013	0.7844892091	1.6989280195	1.304491981	1.6533052632	4.863369714
22/04/2013	2.1910541671	1.4742187791	0.809296968	0.8220613192	4.3431319691
29/04/2013	3.2570512639	0.7746269128	1.3691645075	1.3483844897	1.1135152737
07/05/2013	47.9809355608	2.3128844801	3.4186069788	2.8653443298	16.3259134413
15/05/2013	35.4966222271	1.6900584226	1.5966442172	1.5470265514	11.6523730862
20/05/2013	9.995424427	7.5458490029	3.4106327399	2.0712707372	26.2215667659
29/05/2013	4.7364266597	0.9414882397	0.8729452109	1.2067037976	4.4846890205
03/06/2013	0.4619461092	2.6853047365	0.8198121799	1.1419901064	14.4238832987
10/06/2013	0.5566021036	2.2799503049	5.9985810677	0.2291878494	16.0684649474
17/06/2013	2.5771310017	7.9831640633	8.8769882664	0.7862424069	15.7025530876
24/06/2013	1.6125147997	4.2241688836	1.4181040754	0.8152275101	8.1495307281
01/07/2013	16.5519380016	4.6472856026	1.3246997676	1.8866674927	24.547522501
08/07/2013	8.0682731929	14.7056167851	3.0777484442	3.1326095827	32.2940761787
15/07/2013	7.6029635046	13.9316849317	3.3559148123	3.4299701435	30.4223312206
22/07/2013	8.9597703027	25.4054010185	6.6578139938	6.045202897	12.101790933
30/07/2013	14.9747330942	7.4728408033	1.9629002162	1.4094585118	7.6302130852
06/08/2013	128.3984092859	19.2058271359	2.1735887988	1.121269532	7.8959044095
12/08/2013	144.1183675934	126.6559637366	2.2327124294	2.4565593169	12.4809666066
19/08/2013	214.1359705939	6.0478700722	2.141928973	1.8943180297	8.8413092164
27/08/2013	21.9135394233	4.5426331243	4.654076996	5.5878074384	12.7949995779
02/09/2013	24.2045781906	24.6254768214	5.4199001465	1.9205087884	11.3615678364
09/09/2013	39.3752012158	9.6385122209	4.108972576	1.9339957581	14.3779547643
23/09/2013	29.8151163669	6.2019431996	1.038815917	7.2146655864	17.482867459
30/09/2013	8.310886039	1.1197528182	1.8628477694	3.0768422326	3.5238910569
07/10/2013	25.5164713177	2.2928243381	1.1102227722	6.0091951606	2.6697280119
14/10/2013	12.8196311256	2.8674487903	20.0457317064	5.5063394496	21.1734285193
30/10/2013	8.7754261229	1.3380003135	0.5991981689	0.4852482699	2.5536624815
04/11/2013	4.1998863586	0.568739828	0.282447745	0.7168642154	5.0212498151
11/11/2013	2.5907047548	1.1838146393	0.3264846334	2.8251132554	4.2273191264
18/11/2013	1.8790029308	0.523390238	0.2444439577	0.0823948612	1.5955838716
25/11/2013	1.8776448762	0.9372038152	0.4405415311	0.4887326321	1.1340443495
02/12/2013	2.5658468515	0.6891066088	0.4336912054	0.1749922274	0.4380898355
09/12/2013	3.3483217143	0.240368547	0.1030008163	0.1068195158	2.2100725465
17/12/2013	1.2559793516	0.4252847432	0.8380711393	0.12641332	0.8530522674
14/01/2014	0.4940330686	0.2515959069	0.3089723011	0.2090785832	0.2655086567
20/01/2014	0.618790428	0.8587078127	0.6594369385	0.9774868408	2.8442053701
29/01/2014	0.7464533333	0.6429227259	0.418835055	0.0826652632	1.5529377459
10/02/2014	1.4406342302	0.1545271075	0.145114102	0.0971578148	0.4650960494
18/02/2014	1.8370332319	0.4045587638	0.2651546816	0.0727331601	0.5258719307
05/03/2014	0.8089442227	0.6491439466	0.5051505486	0.8666514459	3.2589502401
11/03/2014	0.2851173845	0.8729557585	0.3668603123	0.1994168821	2.0334747504
17/03/2014	0.2473848946	0.3585877848	0.9289399423	0.2937517858	2.2095440618
25/03/2014	0.7765310083	0.1149166161	0.5242680582	0.7303060228	0.3098211949
31/03/2014	1.330137422	0.6520118072	2.6136370249	0.1019886653	2.4798923945
09/04/2014	2.1890439724	3.1164631079	1.5593665205	0.7517562555	6.1368072159
14/04/2014	48.7130615222	0.8576614964	4.9758911742	0.4573447747	1.2429289766
22/04/2014	7.1681009584	0.6395156908	1.1132821359	0.9876567258	4.7400618305
28/04/2014	7.6698435323	0.4644921901	0.9119727223	0.9114447252	2.2115020645
06/05/2014	2.9917245471	1.9938127108	0.5149845889	1.3317651076	0.8885799982
12/05/2014	5.605419185	0.629037398	0.2735326209	0.252285836	0.6808555873
19/05/2014	27.8977639881	4.2302325557	4.0865312092	6.4012044331	6.5931169771
02/06/2014	37.3192253575	2.8567957783	0.3912283625	2.4212055009	18.3268368279
09/06/2014	7.9862471112	4.5771061724	1.1230472966	1.0066756074	10.531716212
16/06/2014	6.0820401098	7.9972903539	0.4424335997	2.1687451091	22.2603013857
23/06/2014	3.0412360968	26.8490635222	0.9910722743	8.0668247127	22.3154991296
30/06/2014	24.2896693924	30.7571488699	6.504453547	11.9965031137	20.6085384992
07/07/2014	19.8157055847	6.1871357581	8.9297557093	12.2420261856	16.4161842762
14/07/2014	3.5238323082	57.2969949369	19.028817357	9.2290681682	37.1230596414
21/07/2014	13.7310557352	1.0006046172	1.3756561766	9.8722407897	21.6616482537
28/07/2014	4.551529034	169.2630636016	1.6580655641	8.5794696122	13.8216685161
04/08/2014	0.5176051166	15.2740905753	1.1886107106	4.4232917249	1.0251961805
18/08/2014	10.3219349544	3.3468439496	5.7997663097	3.0721734262	2.2120719785
26/08/2014	0.7352938046	0.9756840513	6.1283919572	1.8878901091	2.4177881162
01/09/2014	10.7903002876	1.1674755437	1.5133495748	3.5687058091	1.9407088414
08/09/2014	0.0600375284	0.7703040878	0.8912017235	0.2716092382	0.4924873068
15/09/2014	1.2459329734	0.690213265	0.1786399833	0.1800934799	0.6042539854
22/09/2014	3.6806564837	3.9868499755	1.5288044105	1.1505862541	3.8410649052
29/09/2014	0.8738904079	2.957349963	1.3749258796	1.7809077858	2.0973270662
13/10/2014	4.3885455995	1.424354385	0.3470300574	1.5375893267	0.4648641308
22/10/2014	4.6100769601	0.3977895023	0.3953125845	0.3209993516	0.1521926151
28/10/2014	10.0322331701	0.1420904881	0.3091328218	0.5647050945	2.3405195731
05/11/2014	14.5357495504	1.040908722	1.0021189486	0.4704815507	3.3284150671
17/11/2014	3.0746300063	0.5780815476	1.2501144015	1.1629557408	0.8499069368
24/11/2014	6.4965046712	0.5416873	0.7373709726	0.2304099248	1.0000869053
02/12/2014	2.7692109658	0.2975720461	0.2255097895	0.1116503664	1.5262331631
08/12/2014	1.6159985845	0.2243130253	0.4087324381	0.5110249346	0.6375580901
15/12/2014	2.1222254933	0.3283301029	0.7590984284	0.999633154	3.0541530112
05/01/2015	3.676061398	0.329349013	0.364061862	0.097157815	0.927852532
19/01/2015	0.633721634	0.182251744	0.134443363	0.028985103	0.138565978
27/01/2015	1.296389928	0.26557827	0.249710012	0.053409758	0.128289164
02/02/2015	1.117250467	0.717323805	0.581809553	0.457074373	3.628275539
09/02/2015	1.42367972	0.182606025	0.275750809	0.092326964	0.831137574
16/02/2015	1.971481511	0.480155094	0.308325876	0.070575466	0.380454426
10/03/2015	44.14758301	0.62273144	0.701062773	0.397211352	2.674989967
16/03/2015	28.82651084	0.659496498	0.501140765	1.03171157	2.915446483
23/03/2015	11.13497961	2.381446261	1.115885621	3.202495031	8.670636471
30/03/2015	1.278220116	0.29716836	0.464477876	1.590213984	0.460130846
07/04/2015	3.090705789	0.423486911	0.878907408	7.026079336	1.271328723
13/04/2015	1.698055204	1.438395624	1.836584492	14.15870779	1.199259819
20/04/2015	2.191040724	1.421190704	3.6168051	7.035470635	1.997027968
27/04/2015	3.15077458	3.333287311	0.949297471	1.290154925	7.082387808
07/05/2015	6.085508737	3.58819402	4.086775623	9.018366386	4.550142322
11/05/2015	1.610570233	7.070863341	0.767467591	1.251778523	8.25483674
20/05/2015	27.32729926	4.941704624	0.95228593	0.685742995	3.231454932
27/05/2015	21.47043961	17.59374825	3.467884302	1.155788334	10.48246538
03/06/2015	20.76350838	17.18886237	1.690908314	0.342871497	10.79931502
08/06/2015	9.622316756	37.23136775	6.52932406	0.830120176	23.16375933
15/06/2015	7.779549925	35.7387379	6.833456518	1.724397184	15.77329841
22/06/2015	13.48947836	24.11058578	4.711275374	1.095568893	17.38095459
29/06/2015	5.531210101	12.48186661	18.18125443	1.427826253	14.47920483
06/07/2015	0.70774298	10.78073999	6.361274069	8.289834851	21.31525114
14/07/2015	3.7061136	8.676434846	9.414685559	12.59304756	17.19480642
20/07/2015	1.407814218	19.23669385	1.781255305	15.41911917	19.57881315
28/07/2015	2.937358504	12.13661414	1.526883714	5.932996674	10.87073624
03/08/2015	8.515369401	28.48805116	3.902273331	2.43943124	8.791888502
10/08/2015	10.37991173	65.4331651	4.320221281	0.453029386	7.867775199
17/08/2015	5.518942099	52.22635864	4.650350629	4.527843261	6.967004558
24/08/2015	2.057621907	6.355295376	3.427349259	2.325860798	5.420173047
01/09/2015	3.563926081	2.527980987	3.56439591	1.777825769	2.551024143
07/09/2015	6.534105854	1.838432565	0.736385769	1.000022447	1.682601259
16/09/2015	29.45534811	2.051684063	0.850682539	0.878436212	15.93355822
23/09/2015	5.329216216	1.496688418	1.206242225	0.836855137	7.345284514
29/09/2015	1.63904013	2.771848752	0.421245298	0.438021373	5.327255865
07/10/2015	1.584578996	3.255213109	0.828480883	0.019323402	3.027871884
13/10/2015	1.290403371	0.562161195	0.402441663	0.038646804	1.62262465
19/10/2015	9.275417142	1.239406663	1.174845228	0.174451423	1.263055666
27/10/2015	4.747483103	0.626437747	0.579121292	0.135263815	1.207763898
02/11/2015	5.842621618	0.706421805	0.519870685	0.155128021	0.840895316
16/11/2015	3.629962493	0.156829662	0.184929862	0.053409758	0.071336365
23/11/2015	0.801850038	0.14364577	0.28836335	0.107089918	0.611885792
07/12/2015	1.458774811	0.050491829	0.093169507	0.004830851	0.392482894
15/12/2015	1.328460689	0.172374924	0.141414541	0.146007124	0.433492502


